285.7142857	2.12564	0.289973
285.8498602	2.12503	0.290147
285.9847456	2.12442	0.290326
286.1205769	2.12381	0.290509
286.2565374	2.12321	0.290697
286.3926271	2.12261	0.290889
286.5280253	2.12202	0.291085
286.6643734	2.12143	0.291287
286.8008512	2.12084	0.291493
286.9374591	2.12025	0.291703
287.0733731	2.11967	0.291918
287.2102408	2.11909	0.292137
287.347239	2.11851	0.292362
287.484368	2.11794	0.29259
287.6208007	2.11737	0.292824
287.758191	2.11681	0.293062
287.8957127	2.11625	0.293304
288.0333658	2.11569	0.293551
288.1703202	2.11513	0.293803
288.3082361	2.11458	0.29406
288.4462841	2.11403	0.294321
288.5844643	2.11349	0.294587
288.7219434	2.11295	0.294857
288.860388	2.11242	0.295133
288.9989654	2.11188	0.295413
289.1376758	2.11135	0.295697
289.2756826	2.11083	0.295987
289.4146589	2.11031	0.296281
289.5537687	2.10979	0.296579
289.6930123	2.10928	0.296883
289.8315499	2.10877	0.297191
289.9710609	2.10827	0.297504
290.1107062	2.10777	0.297822
290.2504862	2.10727	0.298145
290.3895576	2.10678	0.298472
290.5296064	2.1063	0.298804
290.6697904	2.10581	0.299141
290.8101097	2.10534	0.299482
290.9497181	2.10486	0.299829
291.0903079	2.10439	0.30018
291.2310336	2.10393	0.300536
291.3718954	2.10347	0.300897
291.5120438	2.10302	0.301262
291.6531777	2.10257	0.301632
291.7944483	2.10212	0.302008
291.9358559	2.10168	0.302388
292.0765474	2.10125	0.302772
292.2182286	2.10082	0.303162
292.3600472	2.10039	0.303556
292.5020036	2.09998	0.303955
292.6432416	2.09956	0.304359
292.7854732	2.09915	0.304768
292.9278431	2.09875	0.305181
293.0703515	2.09835	0.3056
293.212139	2.09796	0.306023
293.3549243	2.09757	0.306451
293.4978487	2.09719	0.306883
293.6409124	2.09682	0.307321
293.7832526	2.09645	0.307763
293.9265948	2.09608	0.30821
294.0700769	2.09572	0.308661
294.2128336	2.09537	0.309118
294.3565954	2.09503	0.309579
294.5004977	2.09469	0.310045
294.6445408	2.09435	0.310515
294.7878559	2.09403	0.310991
294.9321803	2.09371	0.311471
295.0766462	2.09339	0.311955
295.2212536	2.09308	0.312445
295.3651304	2.09278	0.312939
295.5100207	2.09249	0.313437
295.6550533	2.0922	0.31394
295.8002284	2.09192	0.314448
295.9446702	2.09165	0.314961
296.0901298	2.09138	0.315478
296.2357325	2.09112	0.315999
296.3814785	2.09087	0.316525
296.5264887	2.09062	0.317056
296.672521	2.09039	0.31759
296.8186972	2.09016	0.31813
296.9650175	2.08993	0.318674
297.1105994	2.08972	0.319222
297.2572077	2.08951	0.319774
297.4039608	2.08931	0.320331
297.5508589	2.08912	0.320893
297.6970159	2.08893	0.321458
297.8442037	2.08876	0.322028
297.991537	2.08859	0.322602
298.1390163	2.08843	0.32318
298.2857518	2.08828	0.323762
298.4335224	2.08814	0.324348
298.5814396	2.08801	0.324938
298.7295034	2.08788	0.325532
298.8768209	2.08776	0.326131
299.0251779	2.08766	0.326733
299.1736823	2.08756	0.327338
299.3223342	2.08747	0.327948
299.4702372	2.08739	0.328562
299.619184	2.08732	0.329179
299.7682791	2.08725	0.3298
299.9175227	2.0872	0.330424
300.0660145	2.08716	0.331052
300.2155548	2.08713	0.331683
300.3652441	2.0871	0.332318
300.5150829	2.08709	0.332956
300.6641671	2.08709	0.333597
300.8143043	2.08709	0.334241
300.9645915	2.08711	0.334889
301.115029	2.08714	0.33554
301.2647092	2.08718	0.336193
301.4154469	2.08722	0.33685
301.5663355	2.08728	0.337509
301.7173753	2.08735	0.338171
301.8676552	2.08743	0.338835
302.018997	2.08752	0.339502
302.1704906	2.08763	0.340172
302.3221363	2.08774	0.340844
302.4730194	2.08786	0.341518
302.624969	2.088	0.342194
302.7770713	2.08815	0.342872
302.9293266	2.08831	0.343553
303.0808165	2.08848	0.344235
303.2333775	2.08866	0.344919
303.3860922	2.08886	0.345604
303.5380394	2.08906	0.346291
303.6910612	2.08928	0.34698
303.8442373	2.08951	0.347669
303.997568	2.08976	0.34836
304.1501285	2.09001	0.349052
304.3037682	2.09028	0.349744
304.4575632	2.09056	0.350438
304.6115137	2.09086	0.351131
304.7646912	2.09117	0.351826
304.9189525	2.09149	0.352521
305.0733701	2.09182	0.353215
305.2279442	2.09217	0.35391
305.3817424	2.09253	0.354605
305.5366293	2.0929	0.3553
305.6916733	2.09329	0.355994
305.8468747	2.09369	0.356687
306.0012974	2.0941	0.35738
306.1568135	2.09453	0.358071
306.3124877	2.09497	0.358762
306.4683204	2.09543	0.359451
306.6233714	2.0959	0.360139
306.7795206	2.09638	0.360825
306.9358289	2.09688	0.361509
307.0922966	2.09739	0.362191
307.2479798	2.09792	0.362871
307.404766	2.09846	0.363548
307.5617123	2.09902	0.364223
307.7188189	2.09959	0.364895
307.8751382	2.10017	0.365564
308.0325652	2.10078	0.36623
308.1901533	2.10139	0.366892
308.3479028	2.10202	0.36755
308.504862	2.10267	0.368204
308.6629339	2.10333	0.368855
308.8211678	2.104	0.3695
308.9795641	2.10469	0.370142
309.1371673	2.1054	0.370778
309.2958879	2.10612	0.371409
309.4547716	2.10686	0.372035
309.6138187	2.10761	0.372655
309.7720697	2.10837	0.373269
309.9314432	2.10916	0.373878
310.0909807	2.10995	0.37448
310.2506826	2.11077	0.375075
310.4095854	2.1116	0.375663
310.5696157	2.11244	0.376244
310.7298111	2.1133	0.376818
310.8901718	2.11418	0.377384
311.0497306	2.11507	0.377942
311.2104218	2.11597	0.378491
311.3712791	2.11689	0.379032
311.5323028	2.11783	0.379565
311.6925216	2.11878	0.380088
311.8538777	2.11975	0.380602
312.0154011	2.12073	0.381106
312.1770918	2.12173	0.3816
312.3379747	2.12275	0.382083
312.5	2.12377	0.382556
312.6621935	2.12482	0.383019
312.8235769	2.12588	0.38347
312.9861065	2.12695	0.383909
313.1488052	2.12804	0.384337
313.3116731	2.12914	0.384752
313.4737278	2.13026	0.385155
313.6369339	2.1314	0.385546
313.80031	2.13254	0.385923
313.9638565	2.1337	0.386287
314.1265867	2.13488	0.386637
314.2904735	2.13607	0.386974
314.4545314	2.13728	0.387296
314.6187607	2.13849	0.387603
314.7821707	2.13973	0.387896
314.9467425	2.14097	0.388173
315.1114864	2.14223	0.388434
315.2764028	2.1435	0.38868
315.4404969	2.14479	0.38891
315.6057579	2.14609	0.389123
315.7711922	2.1474	0.38932
315.9368	2.14872	0.389499
316.1015824	2.15005	0.389661
316.267537	2.1514	0.389806
316.433666	2.15276	0.389932
316.5999696	2.15413	0.39004
316.7654447	2.15551	0.39013
316.9320973	2.1569	0.390201
317.0989254	2.15831	0.390253
317.2659291	2.15972	0.390285
317.4321013	2.16115	0.390298
317.5994563	2.16258	0.39029
317.7669878	2.16402	0.390263
317.9346962	2.16548	0.390215
318.1015698	2.16694	0.390146
318.2696317	2.16841	0.390056
318.4378712	2.16989	0.389945
318.6062887	2.17137	0.389813
318.7738682	2.17287	0.389659
318.9426414	2.17437	0.389483
319.1115933	2.17588	0.389285
319.2807244	2.17739	0.389064
319.4490143	2.17891	0.388821
319.6185034	2.18044	0.388555
319.7881723	2.18197	0.388266
319.9580215	2.18351	0.387954
320.1270264	2.18505	0.387619
320.2972358	2.18659	0.38726
320.4676264	2.18814	0.386878
320.6381983	2.1897	0.386471
320.8079227	2.19125	0.386041
320.9788571	2.19281	0.385587
321.1499738	2.19437	0.385109
321.3212731	2.19593	0.384606
321.4917216	2.1975	0.384079
321.6633857	2.19906	0.383527
321.8352332	2.20062	0.382951
322.0072645	2.20219	0.38235
322.1784418	2.20375	0.381725
322.3508402	2.20531	0.381075
322.5234233	2.20687	0.3804
322.6951499	2.20843	0.3797
322.8681019	2.20999	0.378975
323.0412394	2.21154	0.378226
323.2145628	2.21309	0.377452
323.3870264	2.21463	0.376652
323.560721	2.21618	0.375829
323.7346024	2.21771	0.37498
323.9086707	2.21924	0.374107
324.081876	2.22077	0.373209
324.2563181	2.22229	0.372287
324.4309481	2.2238	0.37134
324.6057663	2.2253	0.370369
324.7797182	2.2268	0.369374
324.9549125	2.22829	0.368354
325.130296	2.22977	0.367311
325.3058688	2.23124	0.366244
325.4805721	2.2327	0.365153
325.6565236	2.23415	0.364039
325.8326654	2.23559	0.362901
326.0089978	2.23702	0.36174
326.1844573	2.23844	0.360557
326.3611709	2.23984	0.359351
326.538076	2.24124	0.358122
326.715173	2.24262	0.356871
326.8913936	2.24399	0.355599
327.0688742	2.24534	0.354304
327.2465475	2.24668	0.352988
327.4244141	2.24801	0.351651
327.6014008	2.24932	0.350293
327.7796534	2.25061	0.348915
327.9581001	2.25189	0.347516
328.1367411	2.25316	0.346098
328.314499	2.25441	0.34466
328.4935287	2.25564	0.343202
328.6727537	2.25685	0.341726
328.8521744	2.25805	0.340231
329.0307084	2.25923	0.338718
329.2105203	2.26039	0.337187
329.3905287	2.26154	0.335639
329.5707341	2.26266	0.334073
329.7500495	2.26377	0.332491
329.9306486	2.26485	0.330892
330.1114456	2.26592	0.329278
330.2924409	2.26697	0.327648
330.4725427	2.268	0.326003
330.6539343	2.26901	0.324343
330.8355251	2.26999	0.32267
331.0173155	2.27096	0.320982
331.1982089	2.27191	0.319281
331.3803982	2.27283	0.317566
331.562788	2.27373	0.31584
331.7453788	2.27462	0.314101
331.927069	2.27548	0.31235
332.1100613	2.27632	0.310588
332.2932554	2.27714	0.308816
332.4766518	2.27793	0.307033
332.6591441	2.27871	0.30524
332.8429447	2.27946	0.303437
333.0269485	2.28019	0.301626
333.2111559	2.2809	0.299806
333.3944557	2.28158	0.297978
333.5790699	2.28224	0.296142
333.7638888	2.28288	0.294298
333.9477973	2.2835	0.292448
334.133025	2.2841	0.290592
334.3184584	2.28467	0.288729
334.5040977	2.28522	0.286861
334.6888231	2.28575	0.284988
334.874874	2.28625	0.28311
335.0611319	2.28674	0.281228
335.2475971	2.2872	0.279342
335.4331448	2.28763	0.277452
335.6200244	2.28805	0.27556
335.8071124	2.28844	0.273664
335.9944091	2.28882	0.271767
336.1807846	2.28916	0.269868
336.3684984	2.28949	0.267967
336.556422	2.2898	0.266066
336.7445557	2.29008	0.264163
336.9317646	2.29034	0.262261
337.1203182	2.29058	0.260358
337.3090831	2.2908	0.258456
337.4980594	2.291	0.256555
337.6861073	2.29117	0.254655
337.8755064	2.29133	0.252756
338.0651181	2.29146	0.250859
338.2549428	2.29157	0.248965
338.4438352	2.29167	0.247073
338.6340856	2.29174	0.245184
338.8245499	2.29179	0.243298
339.0152286	2.29182	0.241416
339.2049714	2.29183	0.239537
339.3960786	2.29183	0.237662
339.5874013	2.2918	0.235792
339.7789398	2.29175	0.233927
339.9695387	2.29169	0.232066
340.1615087	2.2916	0.230211
340.3536956	2.2915	0.228361
340.5460997	2.29138	0.226517
340.7375605	2.29124	0.224678
340.9303991	2.29108	0.222846
341.123456	2.29091	0.221021
341.3167317	2.29071	0.219202
341.5090602	2.2905	0.21739
341.7027733	2.29028	0.215585
341.8967062	2.29003	0.213788
342.0908593	2.28977	0.211998
342.2840615	2.28949	0.210216
342.478655	2.2892	0.208441
342.6734699	2.28889	0.206675
342.8685065	2.28856	0.204917
343.0625883	2.28822	0.203167
343.2580683	2.28787	0.201426
343.4537711	2.2875	0.199694
343.6496972	2.28711	0.197971
343.8446647	2.28671	0.196257
344.0410372	2.2863	0.194552
344.2376341	2.28587	0.192856
344.4344558	2.28543	0.19117
344.6303151	2.28497	0.189493
344.8275862	2.2845	0.187826
345.0250833	2.28402	0.186169
345.221615	2.28353	0.184521
345.4195639	2.28302	0.182884
345.6177399	2.2825	0.181256
345.8161434	2.28197	0.179639
346.0135776	2.28143	0.178032
346.212436	2.28087	0.176436
346.411523	2.28031	0.174849
346.6108392	2.27973	0.173274
346.8091821	2.27914	0.171708
347.0089563	2.27854	0.170154
347.2089608	2.27793	0.168609
347.4091959	2.27731	0.167076
347.6084538	2.27668	0.165553
347.8091502	2.27604	0.164041
348.0100784	2.2754	0.16254
348.2112389	2.27474	0.16105
348.4114181	2.27407	0.15957
348.613043	2.27339	0.158102
348.8149014	2.27271	0.156644
349.0169936	2.27201	0.155197
349.2181007	2.27131	0.153761
349.4206605	2.2706	0.152336
349.6234555	2.26989	0.150922
349.8264861	2.26916	0.149518
350.0285273	2.26843	0.148126
350.2320287	2.26769	0.146745
350.4357669	2.26694	0.145374
350.6397422	2.26618	0.144015
350.8427242	2.26542	0.142666
351.0471737	2.26466	0.141328
351.2518616	2.26388	0.140001
351.4567884	2.2631	0.138685
351.6607177	2.26232	0.13738
351.866122	2.26152	0.136086
352.0717663	2.26073	0.134802
352.2776512	2.25992	0.133529
352.4825345	2.25911	0.132266
352.6889002	2.2583	0.131015
352.8955076	2.25748	0.129774
353.1023573	2.25666	0.128543
353.3082013	2.25583	0.127323
353.5155352	2.255	0.126114
353.7231126	2.25416	0.124915
353.9309339	2.25332	0.123726
354.1377454	2.25247	0.122548
354.3460544	2.25162	0.12138
354.5546085	2.25077	0.120223
354.7634083	2.24991	0.119076
354.9711941	2.24905	0.117938
355.180485	2.24819	0.116811
355.3900228	2.24732	0.115694
355.599808	2.24645	0.114587
355.808575	2.24558	0.11349
356.0188548	2.2447	0.112403
356.2293832	2.24383	0.111326
356.4401608	2.24294	0.110258
356.649916	2.24206	0.1092
356.8611917	2.24117	0.108152
357.0727179	2.24029	0.107114
357.2832184	2.2394	0.106085
357.4952453	2.2385	0.105065
357.707524	2.23761	0.104055
357.920055	2.23671	0.103054
358.131556	2.23581	0.102063
358.3445913	2.23491	0.10108
358.5578802	2.23401	0.100107
358.7714231	2.23311	0.0991431
358.9839319	2.2322	0.098188
359.1979827	2.2313	0.0972419
359.412289	2.23039	0.0963047
359.6268512	2.22948	0.0953763
359.8403748	2.22857	0.0944566
360.0554485	2.22766	0.0935456
360.2707795	2.22675	0.0926433
360.4863682	2.22584	0.0917495
360.700914	2.22493	0.0908642
360.917018	2.22402	0.0899873
361.133381	2.2231	0.0891187
361.3500036	2.22219	0.0882584
361.565579	2.22128	0.0874064
361.7827205	2.22036	0.0865624
362.0001231	2.21945	0.0857266
362.2177871	2.21853	0.0848988
362.4343994	2.21762	0.0840789
362.6525861	2.2167	0.0832669
362.8710356	2.21579	0.0824627
363.0897485	2.21488	0.0816662
363.3074053	2.21396	0.0808774
363.5266447	2.21305	0.0800962
363.7461488	2.21213	0.0793226
363.9659182	2.21122	0.0785565
364.184627	2.21031	0.0777977
364.4049268	2.20939	0.0770463
364.6254932	2.20848	0.0763022
364.8463267	2.20757	0.0755653
365.0660952	2.20666	0.0748355
365.287463	2.20575	0.0741128
365.5090993	2.20484	0.0733972
365.7310048	2.20393	0.0726885
365.9518407	2.20302	0.0719867
366.1742843	2.20211	0.0712917
366.3969985	2.20121	0.0706035
366.6199837	2.2003	0.069922
366.8418948	2.19939	0.0692471
367.0654221	2.19849	0.0685788
367.2892219	2.19759	0.0679171
367.5132948	2.19669	0.0672618
367.736289	2.19579	0.0666129
367.9609078	2.19489	0.0659703
368.1858013	2.19399	0.065334
368.4109698	2.19309	0.0647039
368.635055	2.19219	0.06408
368.8607735	2.1913	0.0634622
369.0867686	2.19041	0.0628504
369.3130408	2.18951	0.0622446
369.538225	2.18862	0.0616447
369.7650513	2.18773	0.0610507
369.9921562	2.18685	0.0604626
370.2195402	2.18596	0.0598801
370.4458316	2.18507	0.0593034
370.6737737	2.18419	0.0587323
370.9019966	2.18331	0.0581669
371.1291232	2.18243	0.0576069
371.3579073	2.18155	0.0570524
371.5869736	2.18067	0.0565034
371.8163227	2.1798	0.0559598
372.0445709	2.17892	0.0554214
372.2744854	2.17805	0.0548884
372.5046842	2.17718	0.0543605
372.7351679	2.17631	0.0538379
372.964546	2.17544	0.0533203
373.1955993	2.17457	0.0528078
373.426939	2.17371	0.0523004
373.6585657	2.17285	0.0517979
373.8890821	2.17199	0.0513003
374.1212826	2.17113	0.0508076
374.3537718	2.17027	0.0503197
374.5865501	2.16941	0.0498366
374.8182132	2.16856	0.0493583
375.0515696	2.16771	0.0488846
375.2852168	2.16686	0.0484156
375.5191552	2.16601	0.0479511
375.7519736	2.16516	0.0474912
375.9864946	2.16432	0.0470358
376.2213084	2.16348	0.0465848
376.4564158	2.16264	0.0461383
376.6903982	2.1618	0.0456961
376.9260923	2.16096	0.0452583
377.1620816	2.16013	0.0448247
377.3983666	2.15929	0.0443954
377.6335218	2.15846	0.0439703
377.870398	2.15763	0.0435493
378.1075716	2.1568	0.0431325
378.3450431	2.15598	0.0427197
378.5813799	2.15516	0.042311
378.8194471	2.15433	0.0419062
379.0578139	2.15351	0.0415054
379.2964809	2.1527	0.0411086
379.5340081	2.15188	0.0407156
379.7732754	2.15107	0.0403264
380.0128444	2.15026	0.0399411
380.252716	2.14945	0.0395595
380.4914427	2.14864	0.0391816
380.731919	2.14783	0.0388074
380.9726995	2.14703	0.0384369
381.2137847	2.14623	0.03807
381.4537201	2.14543	0.0377067
381.6954147	2.14463	0.0373469
381.9374157	2.14383	0.0369907
382.1797238	2.14304	0.0366379
382.4208771	2.14225	0.0362886
382.6637992	2.14146	0.0359426
382.9070302	2.14067	0.0356001
383.1505705	2.13988	0.0352609
383.3929509	2.1391	0.034925
383.63711	2.13832	0.0345924
383.8815802	2.13754	0.034263
384.1263622	2.13676	0.0339368
384.3699792	2.13599	0.0336139
384.6153846	2.13521	0.0332941
384.8611036	2.13444	0.0329774
385.1056537	2.13367	0.0326638
385.3519998	2.1329	0.0323532
385.5986612	2.13214	0.0320457
385.8456386	2.13137	0.0317412
386.0914419	2.13061	0.0314397
386.3390512	2.12985	0.0311411
386.5869782	2.12909	0.0308454
386.8352237	2.12834	0.0305527
387.0822898	2.12758	0.0302627
387.331172	2.12683	0.0299757
387.5803745	2.12608	0.0296914
387.8298978	2.12534	0.0294099
388.0782366	2.12459	0.0291312
388.3284016	2.12385	0.0288551
388.5788893	2.1231	0.0285818
388.8297004	2.12236	0.0283112
389.0793216	2.12163	0.0280432
389.3307793	2.12089	0.0277778
389.5825623	2.12016	0.0275151
389.8346711	2.11942	0.0272549
390.0855848	2.11869	0.0269973
390.3383453	2.11797	0.0267421
390.5914335	2.11724	0.0264895
390.8448502	2.11652	0.0262394
391.0970664	2.11579	0.0259918
391.3511398	2.11507	0.0257465
391.6055436	2.11436	0.0255037
391.8602783	2.11364	0.0252633
392.1138071	2.11292	0.0250252
392.3692037	2.11221	0.0247895
392.6249333	2.1115	0.0245561
392.8809963	2.11079	0.024325
393.1358481	2.11009	0.0240962
393.3925783	2.10938	0.0238696
393.6496439	2.10868	0.0236453
393.9070458	2.10798	0.0234232
394.1632309	2.10728	0.0232033
394.4213051	2.10658	0.0229855
394.6797174	2.10588	0.02277
394.9384686	2.10519	0.0225565
395.1959975	2.1045	0.0223452
395.4554262	2.10381	0.022136
395.7151959	2.10312	0.0219289
395.975307	2.10244	0.0217238
396.2341903	2.10175	0.0215208
396.4949843	2.10107	0.0213198
396.7561219	2.10039	0.0211208
397.0176038	2.09971	0.0209237
397.2778522	2.09903	0.0207287
397.5400223	2.09836	0.0205356
397.8025388	2.09769	0.0203445
398.0654021	2.09701	0.0201552
398.3270265	2.09634	0.0199679
398.5905837	2.09568	0.0197824
398.8544899	2.09501	0.0195989
399.1187458	2.09435	0.0194171
399.381757	2.09368	0.0192372
399.6467123	2.09302	0.0190592
399.9120194	2.09237	0.0188829
400.1760775	2.09171	0.0187084
400.4420881	2.09105	0.0185357
400.7084525	2.0904	0.0183648
400.9751716	2.08975	0.0181955
401.240636	2.0891	0.0180281
401.5080643	2.08845	0.0178623
401.7758493	2.0878	0.0176982
402.0439917	2.08716	0.0175358
402.3108737	2.08652	0.0173751
402.5797309	2.08588	0.017216
402.8489478	2.08524	0.0170586
403.1185249	2.0846	0.0169028
403.3868359	2.08396	0.0167486
403.6571336	2.08333	0.016596
403.9277939	2.0827	0.016445
404.1988173	2.08207	0.0162956
404.4685687	2.08144	0.0161477
404.7403186	2.08081	0.0160014
405.0124339	2.08019	0.0158566
405.2849153	2.07956	0.0157133
405.5561188	2.07894	0.0155716
405.8293325	2.07832	0.0154313
406.1029146	2.0777	0.0152925
406.3768658	2.07708	0.0151552
406.6495332	2.07647	0.0150194
406.9242226	2.07585	0.014885
407.1992833	2.07524	0.014752
407.4747162	2.07463	0.0146204
407.7488593	2.07402	0.0144903
408.0250364	2.07342	0.0143616
408.3015879	2.07281	0.0142342
408.5785145	2.07221	0.0141083
408.8541454	2.0716	0.0139837
409.1318223	2.071	0.0138605
409.4098766	2.0704	0.0137386
409.6883091	2.06981	0.013618
409.9654399	2.06921	0.0134988
410.2446289	2.06862	0.0133809
410.5241983	2.06802	0.0132643
410.8041491	2.06743	0.013149
411.0827921	2.06684	0.013035
411.3635055	2.06626	0.0129222
411.6446025	2.06567	0.0128107
411.926084	2.06509	0.0127005
412.2062515	2.0645	0.0125915
412.4885019	2.06392	0.0124838
412.771139	2.06334	0.0123772
413.0541638	2.06276	0.0122719
413.3358685	2.06219	0.0121678
413.6196684	2.06161	0.0120649
413.9038584	2.06104	0.0119632
414.1884392	2.06047	0.0118627
414.4716937	2.0599	0.0117634
414.7570561	2.05933	0.0116652
415.0428117	2.05876	0.0115681
415.3289613	2.0582	0.0114723
415.6137784	2.05763	0.0113775
415.9007162	2.05707	0.0112839
416.1880504	2.05651	0.0111914
416.4757819	2.05595	0.0111
416.7621747	2.05539	0.0110097
417.0507009	2.05483	0.0109206
417.3396268	2.05428	0.0108325
417.6272092	2.05372	0.0107455
417.9169348	2.05317	0.0106595
418.2070627	2.05262	0.0105747
418.4975936	2.05207	0.0104909
418.7867747	2.05153	0.0104081
419.078112	2.05098	0.0103264
419.3698549	2.05044	0.0102457
419.6620042	2.04989	0.0101661
419.9527973	2.04935	0.0100875
420.2457597	2.04881	0.0100099
420.5391312	2.04827	0.0099333
420.8329125	2.04774	0.0098577
421.1253311	2.0472	0.00978311
421.4199323	2.04667	0.0097095
421.714946	2.04614	0.00963688
422.010373	2.0456	0.00956522
422.3044308	2.04508	0.00949454
422.6006846	2.04455	0.00942482
422.8973544	2.04402	0.00935606
423.1944409	2.0435	0.00928824
423.4901517	2.04297	0.00922137
423.7880721	2.04245	0.00915544
424.0864118	2.04193	0.00909043
424.385172	2.04141	0.00902635
424.6825498	2.0409	0.00896319
424.9821508	2.04038	0.00890095
425.2821747	2.03987	0.00883961
425.5826226	2.03935	0.00877917
425.8816816	2.03884	0.00871962
426.1829774	2.03833	0.00866097
426.4846999	2.03783	0.0086032
426.7868498	2.03732	0.0085463
427.0876042	2.03682	0.00849029
427.3906094	2.03631	0.00843513
427.6940448	2.03581	0.00838085
427.9979114	2.03531	0.00832741
428.3003756	2.03481	0.00827483
428.6051047	2.03432	0.0082231
428.9102677	2.03382	0.0081722
429.2158655	2.03333	0.00812214
429.5200543	2.03284	0.00807291
429.826522	2.03235	0.00802429
430.1334274	2.03186	0.00797586
430.4407714	2.03138	0.00792761
430.7466994	2.0309	0.00787954
431.0549207	2.03042	0.00783165
431.3635834	2.02994	0.00778394
431.6726885	2.02946	0.0077364
431.9803708	2.02898	0.00768905
432.2903608	2.02851	0.00764188
432.600796	2.02803	0.00759489
432.9116774	2.02756	0.00754808
433.2211291	2.02709	0.00750145
433.532903	2.02662	0.007455
433.845126	2.02615	0.00740874
434.157799	2.02568	0.00736265
434.4690354	2.02522	0.00731674
434.7826087	2.02475	0.00727102
435.096635	2.02429	0.00722547
435.4092194	2.02383	0.00718011
435.7241518	2.02337	0.00713492
436.0395401	2.02291	0.00708992
436.3553853	2.02245	0.0070451
436.6697816	2.02199	0.00700046
436.9865408	2.02154	0.006956
437.3037599	2.02108	0.00691172
437.62144	2.02063	0.00686762
437.937664	2.02018	0.0068237
438.256266	2.01972	0.00677997
438.5753319	2.01927	0.00673641
438.8948627	2.01882	0.00669304
439.2129304	2.01838	0.00664984
439.5333914	2.01793	0.00660683
439.8543202	2.01748	0.006564
440.1757181	2.01704	0.00652135
440.4956457	2.01659	0.00647888
440.8179818	2.01615	0.00643659
441.1407901	2.01571	0.00639448
441.4640714	2.01527	0.00635256
441.7858752	2.01483	0.00631081
442.1101031	2.01439	0.00626924
442.4348072	2.01395	0.00622786
442.7599887	2.01351	0.00618666
443.0836852	2.01308	0.00614563
443.4098215	2.01264	0.00610479
443.7364383	2.01221	0.00606413
444.0635366	2.01177	0.00602365
444.3891427	2.01134	0.00598335
444.7172043	2.01091	0.00594323
445.0457507	2.01048	0.0059033
445.3747829	2.01005	0.00586354
445.7023154	2.00962	0.00582396
446.0323195	2.00919	0.00578457
446.3628126	2.00877	0.00574535
446.6937959	2.00834	0.00570632
447.023272	2.00791	0.00566747
447.3552358	2.00749	0.0056288
447.6876931	2.00707	0.00559031
448.0206448	2.00664	0.005552
448.3520819	2.00622	0.00551387
448.686023	2.0058	0.00547592
449.0204619	2.00538	0.00543815
449.3553997	2.00496	0.00540056
449.6888153	2.00454	0.00536316
450.0247514	2.00412	0.00532593
450.3611897	2.0037	0.00528889
450.6981314	2.00329	0.00525203
451.0335434	2.00287	0.00521534
451.3714923	2.00246	0.00517884
451.709948	2.00204	0.00514252
452.0489117	2.00163	0.00510638
452.3863379	2.00122	0.00507042
452.7263179	2.00081	0.00503465
453.0668092	2.0004	0.00499905
453.4078131	1.99998	0.00496363
453.7472718	1.99958	0.0049284
454.0893012	1.99917	0.00489334
454.4318466	1.99876	0.00485847
454.772841	1.99835	0.00482378
455.1164188	1.99794	0.00478927
455.4605161	1.99754	0.00475494
455.8051342	1.99713	0.00472079
456.1481934	1.99673	0.00468682
456.4938533	1.99632	0.00465303
456.8400375	1.99592	0.00461942
457.1867471	1.99552	0.004586
457.53189	1.99512	0.00455276
457.8796509	1.99472	0.00451969
458.2279409	1.99432	0.00448681
458.5767612	1.99392	0.00445411
458.9240068	1.99352	0.00442159
459.273888	1.99312	0.00438925
459.6243031	1.99272	0.0043571
459.9752533	1.99232	0.00432512
460.3246209	1.99193	0.00429333
460.6766419	1.99153	0.00426171
461.0292016	1.99114	0.00423028
461.3823014	1.99074	0.00419903
461.7338105	1.99035	0.00416796
462.0879908	1.98995	0.00413707
462.4427149	1.98956	0.00410637
462.7979841	1.98917	0.00407584
463.1516544	1.98878	0.0040455
463.5080141	1.98839	0.00401534
463.8649225	1.988	0.00398536
464.2223811	1.98761	0.00395556
464.5782327	1.98722	0.00392595
464.9367918	1.98683	0.00389651
465.2959049	1.98644	0.00386726
465.6555732	1.98605	0.00383819
466.0136262	1.98567	0.0038093
466.3744054	1.98528	0.00378059
466.7357436	1.98489	0.00375207
467.0976421	1.98451	0.00372372
467.4579171	1.98413	0.00369556
467.8209369	1.98374	0.00366758
468.1845209	1.98336	0.00363979
468.5486705	1.98298	0.00361217
468.9111882	1.98259	0.00358474
469.2764695	1.98221	0.00355749
469.6423204	1.98183	0.00353042
470.0087422	1.98145	0.00350354
470.3735236	1.98107	0.00347684
470.7410877	1.98069	0.00345032
471.1092267	1.98031	0.00342398
471.4779419	1.97993	0.00339783
471.8450084	1.97956	0.00337185
472.2148767	1.97918	0.00334607
472.5853253	1.9788	0.00332046
472.9563556	1.97843	0.00329504
473.3257286	1.97805	0.0032698
473.6979228	1.97767	0.00324474
474.0707029	1.9773	0.00321987
474.4440702	1.97693	0.00319518
474.8157715	1.97655	0.00317067
475.1903137	1.97618	0.00314635
475.5654473	1.97581	0.00312221
475.9411737	1.97543	0.00309825
476.3152254	1.97506	0.00307448
476.6921379	1.97469	0.00305089
477.0696474	1.97432	0.00302749
477.4454757	1.97395	0.00300426
477.8241798	1.97358	0.00298123
478.2034851	1.97321	0.00295837
478.5833932	1.97284	0.00293571
478.9616112	1.97247	0.00291322
479.3427253	1.97211	0.00289092
479.7244463	1.97174	0.0028688
480.1067757	1.97137	0.00284687
480.4874064	1.971	0.00282513
480.8709535	1.97064	0.00280356
481.2551133	1.97027	0.00278219
481.6398875	1.96991	0.002761
482.0229539	1.96954	0.00273999
482.4089574	1.96918	0.00271917
482.7955795	1.96882	0.00269853
483.1828219	1.96845	0.00267808
483.5683476	1.96809	0.00265781
483.9568311	1.96773	0.00263773
484.3459392	1.96736	0.00261784
484.7356736	1.967	0.00259813
485.1236823	1.96664	0.0025786
485.5146698	1.96628	0.00255927
485.9062881	1.96592	0.00254012
486.2985387	1.96556	0.00252115
486.6890544	1.9652	0.00250237
487.0825702	1.96484	0.00248378
487.476723	1.96448	0.00246538
487.8715142	1.96413	0.00244716
488.2645613	1.96377	0.00242913
488.6606301	1.96341	0.00241128
489.057342	1.96305	0.00239362
489.4546985	1.9627	0.00237615
489.8503017	1.96234	0.00235887
490.2489484	1.96199	0.00234177
490.6482445	1.96163	0.00232487
491.0481915	1.96128	0.00230815
491.4463758	1.96092	0.00229161
491.8476256	1.96057	0.00227527
492.2495311	1.96021	0.00225911
492.652094	1.95986	0.00224315
493.0528849	1.95951	0.00222737
493.4567633	1.95915	0.00221178
493.861304	1.9588	0.00219637
494.2665085	1.95845	0.00218116
494.6699315	1.9581	0.00216614
495.0764646	1.95775	0.0021513
495.4836664	1.9574	0.00213666
495.8915386	1.95705	0.0021222
496.2976198	1.9567	0.00210794
496.7068337	1.95635	0.00209386
497.116723	1.956	0.00207997
497.5272894	1.95565	0.00206628
497.9360551	1.9553	0.00205277
498.3479765	1.95495	0.00203945
498.76058	1.95461	0.00202633
499.1738673	1.95426	0.0020134
499.5853442	1.95391	0.00200065
500	1.95357	0.0019881
500.4153447	1.95322	0.00197574
500.8288718	1.95287	0.00196357
501.2455953	1.95253	0.00195159
501.6630129	1.95218	0.00193981
502.0811263	1.95184	0.00192821
502.4974121	1.95149	0.00191681
502.9169181	1.95115	0.0019056
503.3371251	1.95081	0.00189459
503.7580349	1.95046	0.00188376
504.1771073	1.95012	0.00187313
504.5994237	1.94978	0.0018627
505.0224482	1.94944	0.00185245
505.4461826	1.94909	0.0018424
505.8680696	1.94875	0.00183255
506.2932248	1.94841	0.00182288
506.7190952	1.94807	0.00181341
507.1456827	1.94773	0.00180414
507.5704127	1.94739	0.00179506
507.9984354	1.94705	0.00178617
508.4271805	1.94671	0.00177748
508.85665	1.94637	0.00176899
509.2842519	1.94603	0.00176069
509.7151712	1.94569	0.00175259
510.1468203	1.94535	0.00174468
510.579201	1.94502	0.00173696
511.0097041	1.94468	0.00172945
511.4435494	1.94434	0.00172213
511.8781321	1.944	0.00171501
512.3134539	1.94367	0.00170808
512.7468876	1.94333	0.00170135
513.183689	1.94299	0.00169482
513.6212352	1.94266	0.00168849
514.0595281	1.94232	0.00168235
514.4959226	1.94199	0.00167641
514.9357103	1.94165	0.00167067
515.3762504	1.94132	0.00166513
515.817545	1.94098	0.00165979
516.2569307	1.94065	0.00165464
516.6997355	1.94032	0.0016497
517.1433004	1.93998	0.00164495
517.5876276	1.93965	0.00164041
518.0300354	1.93932	0.00163606
518.4758883	1.93898	0.00163192
518.9225093	1.93865	0.00162797
519.3699004	1.93832	0.00162423
519.8153616	1.93799	0.00162069
520.2642943	1.93766	0.00161734
520.714003	1.93733	0.0016142
521.1644899	1.937	0.00161127
521.6130362	1.93667	0.00160853
522.0650806	1.93634	0.00160599
522.5179093	1.93601	0.00160366
522.9715242	1.93568	0.00160153
523.4231876	1.93535	0.00159961
523.8783764	1.93502	0.00159789
524.3343575	1.93469	0.00159637
524.7911331	1.93436	0.00159505
525.2459464	1.93403	0.00159394
525.7043124	1.93371	0.00159304
526.163479	1.93338	0.00159234
526.6206751	1.93305	0.00159184
527.0814446	1.93273	0.00159155
527.5430211	1.9324	0.00159146
528.0054068	1.93207	0.00159158
528.4658109	1.93175	0.00159191
528.9298163	1.93142	0.00159244
529.3946372	1.9311	0.00159318
529.8602758	1.93077	0.00159413
530.3239219	1.93045	0.00159529
530.7911974	1.93012	0.00159665
531.259297	1.9298	0.00159822
531.7282231	1.92948	0.0016
532.1951453	1.92915	0.00160199
532.6657256	1.92883	0.00160418
533.1371389	1.92851	0.00160659
533.6093873	1.92819	0.0016092
534.0796206	1.92786	0.00161203
534.5535409	1.92754	0.00161506
535.028303	1.92722	0.00161831
535.5039092	1.9269	0.00162177
535.9774889	1.92658	0.00162544
536.4547849	1.92626	0.00162932
536.9329317	1.92594	0.00163341
537.4119316	1.92562	0.00163771
537.8888937	1.9253	0.00164223
538.3696015	1.92498	0.00164695
538.8511693	1.92466	0.00165175
539.3335994	1.92435	0.00165656
539.8139801	1.92403	0.00166139
540.2981365	1.92371	0.00166624
540.7831622	1.9234	0.00167111
541.2690594	1.92308	0.00167599
541.7528957	1.92276	0.00168089
542.2405379	1.92245	0.00168582
542.7290588	1.92213	0.00169076
543.2184607	1.92182	0.00169572
543.7057899	1.9215	0.0017007
544.1969558	1.92119	0.00170569
544.6890098	1.92088	0.00171071
545.1819545	1.92056	0.00171575
545.6728146	1.92025	0.0017208
546.1675424	1.91994	0.00172587
546.663168	1.91962	0.00173097
547.159694	1.91931	0.00173608
547.6541236	1.919	0.00174121
548.1524522	1.91869	0.00174636
548.6516885	1.91837	0.00175153
549.151835	1.91806	0.00175673
549.649873	1.91775	0.00176194
550.1518419	1.91744	0.00176717
550.6547285	1.91713	0.00177242
551.1585352	1.91682	0.00177769
551.6602214	1.91651	0.00178298
552.1658706	1.9162	0.0017883
552.6724476	1.91589	0.00179363
553.179955	1.91558	0.00179898
553.6853296	1.91527	0.00180436
554.1946997	1.91496	0.00180975
554.7050079	1.91465	0.00181517
555.2162567	1.91434	0.0018206
555.7253605	1.91403	0.00182606
556.2384928	1.91372	0.00183154
556.7525736	1.91341	0.00183704
557.2645	1.9131	0.00184257
557.7804799	1.9128	0.00184811
558.2974162	1.91249	0.00185368
558.8153115	1.91218	0.00185926
559.3310401	1.91187	0.00186487
559.8508557	1.91156	0.0018705
560.3716385	1.91126	0.00187616
560.893391	1.91095	0.00188183
561.4129641	1.91064	0.00188753
561.9366585	1.91033	0.00189325
562.4613308	1.91003	0.001899
562.9869837	1.90972	0.00190476
563.5104447	1.90941	0.00191055
564.0380613	1.90911	0.00191636
564.5666669	1.9088	0.0019222
565.0962641	1.90849	0.00192806
565.6236566	1.90819	0.00193394
566.1552398	1.90788	0.00193984
566.687823	1.90757	0.00194577
567.2214092	1.90727	0.00195172
567.7527777	1.90696	0.0019577
568.2883723	1.90666	0.0019637
568.8249782	1.90635	0.00196972
569.3625986	1.90605	0.00197577
569.8979883	1.90574	0.00198184
570.4376398	1.90543	0.00198794
570.9783142	1.90513	0.00199406
571.5200146	1.90482	0.0020002
572.0594713	1.90452	0.00200637
572.603226	1.90421	0.00201257
573.1480155	1.90391	0.00201879
573.6938425	1.9036	0.00202503
574.2374127	1.9033	0.0020313
574.7853177	1.90299	0.0020376
575.3342692	1.90269	0.00204392
575.8842703	1.90238	0.00205027
576.4320012	1.90208	0.00205664
576.9841041	1.90177	0.00206304
577.5372656	1.90147	0.00206947
578.0914888	1.90116	0.00207592
578.6434283	1.90086	0.00208239
579.1997776	1.90056	0.0020889
579.7571977	1.90025	0.00209543
580.3156917	1.89995	0.00210199
580.8718887	1.89964	0.00210857
581.4325335	1.89934	0.00211518
581.9942615	1.89903	0.00212182
582.557076	1.89873	0.00212848
583.1175798	1.89842	0.00213518
583.6825701	1.89812	0.0021419
584.2486562	1.89782	0.00214865
584.8158415	1.89751	0.00215542
585.3807023	1.89721	0.00216223
585.9500888	1.8969	0.00216906
586.5205839	1.8966	0.00217592
587.0921911	1.89629	0.00218281
587.66146	1.89599	0.00218973
588.2352941	1.89569	0.00219667
588.81025	1.89538	0.00220365
589.3828572	1.89508	0.00221066
589.9600597	1.89477	0.00221769
590.5383939	1.89447	0.00222475
591.117863	1.89416	0.00223185
591.6949694	1.89386	0.00223897
592.2767117	1.89355	0.00224612
592.859599	1.89325	0.0022533
593.4436347	1.89295	0.00226052
594.0252936	1.89264	0.00226776
594.6116294	1.89234	0.00227503
595.1991239	1.89203	0.00228234
595.7877804	1.89173	0.00228967
596.3740458	1.89142	0.00229704
596.9650298	1.89112	0.00230444
597.5571862	1.89081	0.00231186
598.1505186	1.89051	0.00231932
598.7414455	1.8902	0.00232682
599.3371331	1.8899	0.00233434
599.9340073	1.88959	0.0023419
600.5320714	1.88929	0.00234948
601.1277156	1.88898	0.0023571
601.7281633	1.88868	0.00236476
602.3298117	1.88837	0.00237244
602.9326645	1.88807	0.00238016
603.5330827	1.88776	0.00238791
604.1383477	1.88746	0.0023957
604.7448279	1.88715	0.00240352
605.352527	1.88684	0.00241137
605.9577769	1.88654	0.00241925
606.5679174	1.88623	0.00242717
607.1792879	1.88593	0.00243513
607.7918921	1.88562	0.00244311
608.4020321	1.88531	0.00245114
609.0171073	1.88501	0.0024592
609.6334274	1.8847	0.00246729
610.2509962	1.8844	0.00247542
610.8660859	1.88409	0.00248358
611.486156	1.88378	0.00249178
612.1074861	1.88347	0.00250001
612.7300801	1.88317	0.00250828
613.35018	1.88286	0.00251659
613.9753059	1.88255	0.00252493
614.6017074	1.88225	0.00253331
615.2293883	1.88194	0.00254172
615.8545598	1.88163	0.00255018
616.4848037	1.88132	0.00255867
617.1163388	1.88102	0.00256719
617.7491691	1.88071	0.00257576
618.3794747	1.8804	0.00258436
619.0148997	1.88009	0.002593
619.6516319	1.87978	0.00260168
620.2896753	1.87947	0.0026104
620.9251785	1.87916	0.00261915
621.5658487	1.87886	0.00262795
622.2078423	1.87855	0.00263678
622.8511635	1.87824	0.00264565
623.4919289	1.87793	0.00265457
624.1379095	1.87762	0.00266352
624.7852301	1.87731	0.00267251
625.4299831	1.877	0.00268154
626.079988	1.87669	0.00269061
626.7313453	1.87638	0.00269973
627.3840594	1.87607	0.00270888
628.0341902	1.87576	0.00271807
628.6896222	1.87545	0.00272731
629.3464237	1.87513	0.00273659
630.004599	1.87482	0.00274591
630.6601751	1.87451	0.00275527
631.3211025	1.8742	0.00276467
631.9834168	1.87389	0.00277412
632.6471221	1.87357	0.00278361
633.3082121	1.87326	0.00279314
633.9747044	1.87295	0.00280272
634.642601	1.87264	0.00281234
635.3119064	1.87232	0.002822
635.9785802	1.87201	0.00283171
636.650708	1.8717	0.00284146
637.3242578	1.87138	0.00285125
637.9992344	1.87107	0.00286109
638.6715631	1.87075	0.00287098
639.3493981	1.87044	0.00288091
640.0286733	1.87013	0.00289088
640.7093934	1.86981	0.00290091
641.3874493	1.8695	0.00291097
642.0710644	1.86918	0.00292109
642.7561383	1.86886	0.00293125
643.4426757	1.86855	0.00294146
644.1265322	1.86823	0.00295171
644.8160018	1.86791	0.00296201
645.5069489	1.8676	0.00297237
646.1993784	1.86728	0.00298276
646.8891103	1.86696	0.00299321
647.5845098	1.86665	0.00300371
648.281406	1.86633	0.00301425
648.9798037	1.86601	0.00302484
649.6754871	1.86569	0.00303549
650.3768934	1.86537	0.00304618
651.0798159	1.86505	0.00305692
651.7842594	1.86473	0.00306771
652.4859716	1.86441	0.00307856
653.1934628	1.86409	0.00308945
653.9024901	1.86377	0.0031004
654.6130582	1.86345	0.00311139
655.3208779	1.86313	0.00312244
656.0345337	1.86281	0.00313354
656.7497455	1.86249	0.0031447
657.4665185	1.86217	0.0031559
658.1805258	1.86184	0.00316716
658.900427	1.86152	0.00317848
659.6219047	1.8612	0.00318984
660.3449642	1.86087	0.00320126
661.0652405	1.86055	0.00321274
661.7914695	1.86023	0.00322427
662.5192959	1.8599	0.00323586
663.2487249	1.85958	0.0032475
663.9753532	1.85925	0.00325919
664.7079938	1.85893	0.00327094
665.4422529	1.8586	0.00328275
666.178136	1.85827	0.00329462
666.9112008	1.85795	0.00330654
667.6503382	1.85762	0.00331852
668.3911157	1.85729	0.00333056
669.1290616	1.85696	0.00334266
669.873126	1.85664	0.00335481
670.6188471	1.85631	0.00336702
671.3662303	1.85598	0.0033793
672.1107639	1.85565	0.00339163
672.861478	1.85532	0.00340402
673.6138711	1.85499	0.00341648
674.3679486	1.85466	0.00342899
675.1191585	1.85433	0.00344156
675.876612	1.85399	0.0034542
676.635767	1.85366	0.0034669
677.3966293	1.85333	0.00347966
678.1546057	1.853	0.00349248
678.9188896	1.85266	0.00350537
679.6848981	1.85233	0.00351832
680.4526371	1.852	0.00353133
681.2174719	1.85166	0.00354441
681.988679	1.85133	0.00355755
682.7616343	1.85099	0.00357076
683.5363436	1.85065	0.00358403
684.3081303	1.85032	0.00359737
685.0863551	1.84998	0.00361077
685.8663521	1.84964	0.00362424
686.6481272	1.84931	0.00363778
687.4269609	1.84897	0.00365139
688.2122997	1.84863	0.00366506
688.999435	1.84829	0.00367881
689.7883729	1.84795	0.00369262
690.5743507	1.84761	0.0037065
691.3669015	1.84727	0.00372045
692.1612736	1.84693	0.00373447
692.9574732	1.84658	0.00374856
693.7506938	1.84624	0.00376272
694.5505563	1.8459	0.00377696
695.3522655	1.84556	0.00379126
696.1558275	1.84521	0.00380564
696.9563914	1.84487	0.00382009
697.7636674	1.84452	0.00383461
698.5728157	1.84418	0.00384921
699.3838428	1.84383	0.00386389
700.1918526	1.84348	0.00387863
701.0066455	1.84314	0.00389346
701.823337	1.84279	0.00390835
702.6419337	1.84244	0.00392333
703.4574936	1.84209	0.00393838
704.279909	1.84174	0.00395351
705.1042497	1.84139	0.00396872
705.9305223	1.84104	0.003984
706.7537387	1.84069	0.00399937
707.5838841	1.84034	0.00401481
708.4159819	1.83998	0.00403033
709.250039	1.83963	0.00404593
710.0810202	1.83928	0.00406162
710.919005	1.83892	0.00407738
711.7589699	1.83857	0.00409323
712.6009221	1.83821	0.00410916
713.4397785	1.83785	0.00412518
714.2857143	1.8375	0.00414127
715.1336585	1.83714	0.00415745
715.978492	1.83678	0.00417372
716.8304624	1.83642	0.00419007
717.6844628	1.83606	0.00420651
718.5405005	1.8357	0.00422303
719.3934075	1.83534	0.00423964
720.2535292	1.83498	0.00425634
721.1157102	1.83462	0.00427313
721.9799578	1.83425	0.00429
722.8410545	1.83389	0.00430697
723.7094451	1.83353	0.00432402
724.5799248	1.83316	0.00434117
725.452501	1.83279	0.0043584
726.3219059	1.83243	0.00437573
727.1986852	1.83206	0.00439315
728.0775839	1.83169	0.00441067
728.9586097	1.83132	0.00442827
729.8364437	1.83095	0.00444597
730.7217339	1.83058	0.00446377
731.6091744	1.83021	0.00448166
732.4987731	1.82984	0.00449965
733.3851592	1.82947	0.00451774
734.2790848	1.8291	0.00453592
735.1751922	1.82872	0.0045542
736.0734896	1.82835	0.00457259
736.9685536	1.82797	0.00459107
737.8712415	1.8276	0.00460965
738.7761434	1.82722	0.00462833
739.6832676	1.82684	0.00464711
740.5871375	1.82646	0.004666
741.4987172	1.82608	0.00468499
742.4125438	1.8257	0.00470408
743.3286256	1.82532	0.00472328
744.2414319	1.82494	0.00474258
745.1620355	1.82456	0.00476199
746.0849194	1.82417	0.00478151
747.0100921	1.82379	0.00480113
747.9319681	1.8234	0.00482086
748.8617302	1.82302	0.0048407
749.7938067	1.82263	0.00486065
750.7282064	1.82224	0.00488072
751.6592879	1.82185	0.00490089
752.5983458	1.82146	0.00492117
753.539753	1.82107	0.00494157
754.4835183	1.82068	0.00496209
755.4239439	1.82029	0.00498271
756.3724378	1.8199	0.00500345
757.3233165	1.8195	0.00502431
758.276589	1.81911	0.00504529
759.2265	1.81871	0.00506638
760.1845728	1.81831	0.0050876
761.1450666	1.81792	0.00510893
762.1079907	1.81752	0.00513038
763.0675315	1.81712	0.00515195
764.035329	1.81672	0.00517365
765.0055845	1.81631	0.00519547
765.9783075	1.81591	0.00521741
766.9476251	1.81551	0.00523948
767.9252962	1.8151	0.00526168
768.9054631	1.8147	0.005284
769.882208	1.81429	0.00530645
770.86738	1.81388	0.00532902
771.8550765	1.81347	0.00535173
772.8453073	1.81306	0.00537457
773.8320939	1.81265	0.00539754
774.8274072	1.81224	0.00542064
775.8252841	1.81183	0.00544387
776.8257347	1.81141	0.00546724
777.8227186	1.811	0.00549075
778.8283307	1.81058	0.00551439
779.8365463	1.81017	0.00553816
780.8473756	1.80975	0.00556208
781.8547158	1.80933	0.00558614
782.8707872	1.80891	0.00561033
783.8895029	1.80848	0.00563467
784.9108734	1.80806	0.00565915
785.928732	1.80764	0.00568378
786.9554268	1.80721	0.00570855
787.9848077	1.80679	0.00573346
789.016885	1.80636	0.00575852
790.0454276	1.80593	0.00578373
791.0829134	1.8055	0.00580909
792.1231276	1.80507	0.0058346
793.166081	1.80464	0.00586026
794.2054768	1.8042	0.00588608
795.2539246	1.80377	0.00591204
796.3051441	1.80333	0.00593817
797.3591465	1.8029	0.00596444
798.4095681	1.80246	0.00599088
799.4691525	1.80202	0.00601747
800.531553	1.80158	0.00604423
801.5967808	1.80114	0.00607114
802.6584046	1.80069	0.00609822
803.729304	1.80025	0.00612546
804.8030647	1.7998	0.00615287
805.8796983	1.79936	0.00618044
806.9527045	1.79891	0.00620817
808.035101	1.79846	0.00623608
809.1204052	1.79801	0.00626416
810.2086287	1.79755	0.00629241
811.2932014	1.7971	0.00632083
812.3872813	1.79665	0.00634942
813.484316	1.79619	0.00637819
814.5843176	1.79573	0.00640714
815.6806447	1.79527	0.00643626
816.7865982	1.79481	0.00646556
817.8955547	1.79435	0.00649505
819.0075267	1.79389	0.00652471
820.1158004	1.79342	0.00655456
821.2338217	1.79295	0.0065846
822.3548955	1.79249	0.00661482
823.4790342	1.79202	0.00664523
824.5994508	1.79155	0.00667583
825.7297387	1.79107	0.00670662
826.8631293	1.7906	0.0067376
827.9996357	1.79013	0.00676878
829.1323959	1.78965	0.00680015
830.2751532	1.78917	0.00683173
831.4210649	1.78869	0.00686349
832.570144	1.78821	0.00689546
833.7154529	1.78773	0.00692764
834.8708872	1.78724	0.00696001
836.0295286	1.78676	0.00699259
837.1843815	1.78627	0.00702538
838.3494576	1.78578	0.00705838
839.517781	1.78529	0.00709159
840.6893653	1.7848	0.00712501
841.8571368	1.7843	0.00715864
843.0352642	1.78381	0.00719249
844.2166935	1.78331	0.00722656
845.4014389	1.78281	0.00726084
846.5823471	1.78231	0.00729535
847.7737461	1.78181	0.00733008
848.9685033	1.7813	0.00736504
850.1666327	1.7808	0.00740022
851.3609004	1.78029	0.00743563
852.5657968	1.77978	0.00747127
853.7741084	1.77927	0.00750714
854.98585	1.77876	0.00754325
856.1937053	1.77824	0.0075796
857.4123296	1.77773	0.00761618
858.6344278	1.77721	0.007653
859.8600148	1.77669	0.00769006
861.0816908	1.77616	0.00772737
862.3142791	1.77564	0.00776493
863.5504011	1.77512	0.00780273
864.7900722	1.77459	0.00784079
866.0258076	1.77406	0.00787909
867.2726011	1.77353	0.00791766
868.5229898	1.77299	0.00795648
869.7769892	1.77246	0.00799555
871.027028	1.77192	0.00803489
872.2882738	1.77138	0.0080745
873.5531776	1.77084	0.00811437
874.8217551	1.7703	0.00815451
876.0863471	1.76975	0.00819491
877.362298	1.76921	0.0082356
878.641971	1.76866	0.00827655
879.9253823	1.7681	0.00831779
881.2047832	1.76755	0.0083593
882.4956978	1.767	0.0084011
883.7904003	1.76644	0.00844318
885.0889072	1.76588	0.00848555
886.3833785	1.76532	0.00852822
887.6895217	1.76475	0.00857117
888.9995199	1.76419	0.00861442
890.3133903	1.76362	0.00865796
891.6232	1.76305	0.00870181
892.9448428	1.76248	0.00874596
894.2704095	1.7619	0.00879042
895.5999176	1.76132	0.00883518
896.9253399	1.76074	0.00888026
898.2627598	1.76016	0.00892565
899.6041742	1.75958	0.00897136
900.9496009	1.75899	0.00901738
902.2909166	1.7584	0.00906373
903.6443979	1.75781	0.00911041
905.0019458	1.75722	0.00915741
906.3635787	1.75662	0.00920475
907.7210755	1.75602	0.00925242
909.0909091	1.75542	0.00930043
910.4648834	1.75482	0.00934878
911.8347026	1.75422	0.00939747
913.2169895	1.75361	0.00944651
914.6034737	1.753	0.0094959
915.9941743	1.75238	0.00954564
917.3806946	1.75177	0.00959574
918.7798603	1.75115	0.0096462
920.1833005	1.75053	0.00969703
921.5910348	1.74991	0.00974822
922.9945636	1.74928	0.00979978
924.4109191	1.74865	0.00985171
925.8316283	1.74802	0.00990402
927.256711	1.74739	0.00995672
928.6775632	1.74675	0.0100098
930.1114273	1.74611	0.0100633
931.5497261	1.74547	0.0101171
932.9924801	1.74482	0.0101714
934.4309783	1.74417	0.010226
935.8826777	1.74352	0.0102811
937.3388949	1.74287	0.0103365
938.7996508	1.74221	0.0103924
940.2561258	1.74156	0.0104487
941.7259954	1.74089	0.0105054
943.2004678	1.74023	0.0105625
944.6795647	1.73956	0.01062
946.1543556	1.73889	0.010678
947.6427387	1.73822	0.0107364
949.1358118	1.73754	0.0107953
950.6335973	1.73686	0.0108546
952.1270518	1.73618	0.0109143
953.6343003	1.73549	0.0109745
955.1463284	1.7348	0.0110352
956.6631589	1.73411	0.0110963
958.1756336	1.73341	0.0111579
959.7021085	1.73271	0.0112199
961.2334548	1.73201	0.0112824
962.7696959	1.73131	0.0113454
964.3015564	1.7306	0.0114089
965.8476279	1.72989	0.0114729
967.398665	1.72917	0.0115374
968.9546917	1.72845	0.0116023
970.5063131	1.72773	0.0116678
972.0723611	1.72701	0.0117338
973.6434712	1.72628	0.0118003
975.2196682	1.72555	0.0118673
976.7914355	1.72481	0.0119348
978.3778495	1.72407	0.0120029
979.969425	1.72333	0.0120715
981.566187	1.72258	0.0121406
983.158495	1.72183	0.0122103
984.765675	1.72108	0.0122805
986.3781182	1.72032	0.0123513
987.9958504	1.71956	0.0124227
989.6091044	1.7188	0.0124946
991.2374608	1.71803	0.0125671
992.8711849	1.71726	0.0126402
994.5103031	1.71648	0.0127138
996.1449192	1.7157	0.0127881
997.7948733	1.71492	0.012863
999.4503023	1.71413	0.0129384
1001.106222	1.71334	0.0130145
1002.76965	1.71254	0.0130912
1004.439623	1.71174	0.0131685
1006.114156	1.71094	0.0132464
1007.795297	1.71013	0.013325
1009.481046	1.70932	0.0134042
1011.173467	1.7085	0.0134841
1012.870546	1.70768	0.0135646
1014.574361	1.70686	0.0136458
1016.282884	1.70603	0.0137277
1017.998208	1.7052	0.0138103
1019.718293	1.70436	0.0138935
1021.4442	1.70352	0.0139774
1023.177006	1.70267	0.0140621
1024.91465	1.70182	0.0141474
1026.659261	1.70097	0.0142335
1028.408764	1.70011	0.0143203
1030.1653	1.69924	0.0144078
1031.926783	1.69838	0.014496
1033.695368	1.6975	0.0145851
1035.468954	1.69662	0.0146748
1037.249712	1.69574	0.0147653
1039.035526	1.69485	0.0148567
1040.828583	1.69396	0.0149487
1042.626752	1.69306	0.0150416
1044.431145	1.69216	0.0151353
1046.242889	1.69126	0.0152298
1048.059832	1.69034	0.0153251
1049.884198	1.68943	0.0154212
1051.71382	1.6885	0.0155182
1053.550941	1.68758	0.015616
1055.393377	1.68664	0.0157147
1057.243386	1.68571	0.0158143
1059.09877	1.68476	0.0159147
1060.961804	1.68382	0.016016
1062.830275	1.68286	0.0161182
1064.705337	1.6819	0.0162213
1066.588166	1.68094	0.0163253
1068.476523	1.67997	0.0164303
1070.372725	1.67899	0.0165362
1072.274519	1.67801	0.016643
1074.184238	1.67703	0.0167508
1076.099612	1.67603	0.0168596
1078.022992	1.67503	0.0169693
1079.952093	1.67403	0.0170801
1081.889282	1.67302	0.0171919
1083.832257	1.672	0.0173046
1085.783404	1.67098	0.0174185
1087.740404	1.66995	0.0175333
1089.704472	1.66892	0.0176492
1091.676837	1.66788	0.0177662
1093.65516	1.66683	0.0178843
1095.641865	1.66578	0.0180034
1097.634597	1.66472	0.0181237
1099.635801	1.66366	0.0182451
1101.643101	1.66259	0.0183676
1103.658961	1.66151	0.0184913
1105.680989	1.66042	0.0186161
1107.711667	1.65933	0.0187421
1109.748586	1.65823	0.0188693
1111.793011	1.65713	0.0189977
1113.846222	1.65602	0.0191274
1115.905786	1.6549	0.0192582
1117.974231	1.65377	0.0193903
1120.049103	1.65264	0.0195237
1122.13295	1.6515	0.0196584
1124.223302	1.65035	0.0197944
1126.322725	1.6492	0.0199317
1128.428731	1.64804	0.0200703
1130.543905	1.64687	0.0202103
1132.66574	1.64569	0.0203516
1134.796843	1.64451	0.0204944
1136.934688	1.64332	0.0206385
1139.080602	1.64212	0.0207841
1141.235936	1.64091	0.0209311
1143.398134	1.6397	0.0210795
1145.569852	1.63847	0.0212295
1147.748519	1.63724	0.0213809
1149.936811	1.63601	0.0215338
1152.132136	1.63476	0.0216883
1154.337191	1.6335	0.0218444
1156.549366	1.63224	0.022002
1158.771378	1.63097	0.0221612
1161.000597	1.62969	0.0223221
1163.238409	1.6284	0.0224846
1165.486223	1.6271	0.0226487
1167.741378	1.6258	0.0228146
1170.006646	1.62448	0.0229821
1172.279345	1.62316	0.0231514
1174.56227	1.62182	0.0233224
1176.852719	1.62048	0.0234953
1179.153509	1.61913	0.0236699
1181.461917	1.61777	0.0238464
1183.780783	1.6164	0.0240247
1186.107362	1.61502	0.0242049
1188.444516	1.61363	0.024387
1190.789482	1.61223	0.024571
1193.143719	1.61082	0.024757
1195.508713	1.60941	0.024945
1197.881666	1.60798	0.025135
1200.265499	1.60654	0.0253271
1202.657392	1.60509	0.0255212
1205.060289	1.60363	0.0257175
1207.47135	1.60216	0.0259158
1209.893541	1.60068	0.0261164
1212.324001	1.59919	0.0263191
1214.76572	1.59769	0.0265241
1217.215814	1.59617	0.0267313
1219.67581	1.59465	0.0269409
1222.147264	1.59311	0.0271527
1224.627254	1.59157	0.027367
1227.118835	1.59001	0.0275836
1229.619064	1.58844	0.0278027
1232.13102	1.58686	0.0280242
1234.651736	1.58527	0.0282482
1237.184317	1.58366	0.0284748
1239.725773	1.58204	0.028704
1242.279235	1.58041	0.0289358
1244.841687	1.57877	0.0291702
1247.416289	1.57712	0.0294074
1250	1.57545	0.0296473
1252.594436	1.57377	0.02989
1255.20124	1.57208	0.0301356
1257.817335	1.57037	0.030384
1260.445946	1.56865	0.0306353
1263.083971	1.56692	0.0308896
1265.734664	1.56518	0.0311469
1268.394897	1.56342	0.0314073
1271.067951	1.56164	0.0316708
1273.750674	1.55985	0.0319374
1276.446373	1.55805	0.0322073
1279.151871	1.55624	0.0324804
1281.870505	1.55441	0.0327569
1284.59907	1.55256	0.0330367
1287.339276	1.5507	0.0333199
1290.092861	1.54882	0.0336066
1292.85658	1.54693	0.0338969
1295.633844	1.54503	0.0341907
1298.421379	1.5431	0.0344882
1301.222629	1.54116	0.0347895
1304.034291	1.53921	0.0350945
1306.859838	1.53724	0.0354033
1309.695941	1.53525	0.0357161
1312.546103	1.53325	0.0360328
1315.406967	1.53123	0.0363536
1318.28033	1.52919	0.0366785
1321.168018	1.52714	0.0370076
1324.066632	1.52506	0.0373409
1326.979754	1.52297	0.0376786
1329.903954	1.52087	0.0380207
1332.842847	1.51874	0.0383672
1335.792973	1.51659	0.0387183
1338.757981	1.51443	0.0390741
1341.73438	1.51225	0.0394346
1344.725851	1.51005	0.0397999
1347.728875	1.50782	0.0401702
1350.747166	1.50558	0.0405454
1353.777174	1.50332	0.0409256
1356.820806	1.50104	0.0413111
1359.880004	1.49874	0.0417018
1362.951171	1.49642	0.0420979
1366.038107	1.49407	0.0424995
1369.137183	1.49171	0.0429067
1372.252236	1.48932	0.0433195
1375.379605	1.48691	0.0437381
1378.523161	1.48448	0.0441625
1381.67921	1.48203	0.044593
1384.851662	1.47955	0.0450297
1388.036789	1.47705	0.0454725
1391.236601	1.47453	0.0459217
1394.453144	1.47198	0.0463774
1397.682642	1.46941	0.0468398
1400.929096	1.46682	0.0473088
1404.188695	1.4642	0.0477848
1407.465478	1.46155	0.0482677
1410.755601	1.45888	0.0487579
1414.063141	1.45618	0.0492553
1417.384217	1.45346	0.0497602
1420.722949	1.45071	0.0502726
1424.075419	1.44793	0.0507929
1427.445786	1.44512	0.0513211
1430.830096	1.44229	0.0518573
1434.230492	1.43943	0.0524019
1437.649156	1.43654	0.0529548
1441.08208	1.43362	0.0535164
1444.533524	1.43067	0.0540868
1447.999444	1.42769	0.0546662
1451.484143	1.42468	0.0552548
1454.983537	1.42164	0.0558527
1458.501973	1.41857	0.0564603
1462.035329	1.41546	0.0570777
1465.587994	1.41232	0.057705
1469.155808	1.40915	0.0583427
1472.741036	1.40595	0.0589908
1476.345985	1.40271	0.0596497
1479.966434	1.39944	0.0603195
1483.606886	1.39613	0.0610006
1487.263079	1.39279	0.0616931
1490.93956	1.38941	0.0623974
1494.632029	1.38599	0.0631137
1498.345078	1.38254	0.0638424
1502.074365	1.37904	0.0645837
1505.824529	1.37551	0.0653378
1509.591188	1.37194	0.0661053
1513.379027	1.36833	0.0668863
1517.183622	1.36468	0.0676811
1521.007394	1.36098	0.0684903
1524.852814	1.35725	0.069314
1528.71539	1.35347	0.0701527
1532.599933	1.34964	0.0710068
1536.501908	1.34578	0.0718766
1540.426174	1.34186	0.0727625
1544.368153	1.3379	0.073665
1548.332755	1.3339	0.0745846
1552.315356	1.32984	0.0755216
1556.32092	1.32574	0.0764766
1560.344774	1.32159	0.07745
1564.389489	1.31739	0.0784423
1568.457689	1.31313	0.0794541
1572.544629	1.30883	0.0804858
1576.655409	1.30447	0.0815382
1580.785239	1.30006	0.0826116
1584.939273	1.29559	0.0837068
1589.112671	1.29106	0.0848244
1593.310645	1.28648	0.085965
1597.528304	1.28184	0.0871292
1601.770918	1.27714	0.0883179
1606.033547	1.27237	0.0895317
1610.321517	1.26755	0.0907714
1614.629838	1.26266	0.0920378
1618.961274	1.25771	0.0933317
1623.318648	1.25269	0.094654
1627.69689	1.24761	0.0960056
1632.101478	1.24246	0.0973873
1636.527289	1.23723	0.0988003
1640.979862	1.23194	0.100245
1645.454022	1.22657	0.101724
1649.955369	1.22113	0.103237
1654.478674	1.21561	0.104785
1659.0296	1.21002	0.10637
1663.602865	1.20434	0.107993
1668.201412	1.19859	0.109655
1672.828251	1.19275	0.111358
1677.478012	1.18683	0.113103
1682.156525	1.18082	0.114892
1686.858361	1.17472	0.116727
1691.589417	1.16854	0.118608
1696.344209	1.16226	0.120538
1701.128699	1.15588	0.122518
1705.937344	1.14941	0.124551
1710.776179	1.14284	0.126639
1715.639599	1.13618	0.128783
1720.53371	1.1294	0.130987
1725.452845	1.12253	0.133252
1730.40019	1.11554	0.13558
1735.378998	1.10844	0.137976
1740.383511	1.10124	0.140441
1745.420018	1.09391	0.142978
1750.482696	1.08647	0.145591
1755.57791	1.0789	0.148283
1760.699773	1.07122	0.151057
1765.854727	1.0634	0.153917
1771.036818	1.05546	0.156868
1776.252569	1.04738	0.159913
1781.495958	1.03917	0.163057
1786.770395	1.03081	0.166304
1792.079368	1.02232	0.16966
1797.416753	1.01368	0.173131
1802.789276	1.00489	0.176721
1808.190742	0.995946	0.180437
1813.627963	0.986849	0.184285
1819.094673	0.977594	0.188273
1824.597767	0.968176	0.192408
1830.130909	0.958593	0.196698
1835.701082	0.948842	0.201151
1841.301874	0.938919	0.205777
1846.940359	0.928821	0.210585
1852.61005	0.918547	0.215585
1858.314657	0.908092	0.220789
1864.05798	0.897456	0.226209
1869.833417	0.886637	0.231857
1875.648271	0.875632	0.237747
1881.495864	0.864442	0.243893
1887.383596	0.853066	0.250311
1893.304707	0.841505	0.257016
1899.266693	0.829761	0.264027
1905.262717	0.817837	0.271362
1911.300372	0.805737	0.27904
1917.372739	0.793467	0.287081
1923.483814	0.781035	0.295507
1929.637691	0.768451	0.304339
1935.827324	0.755726	0.313599
1942.060565	0.742875	0.323311
1948.330281	0.729917	0.333498
1954.644431	0.716871	0.344181
1960.995794	0.703763	0.355382
1967.392438	0.69062	0.367121
1973.827053	0.677473	0.379417
1980.307819	0.664358	0.392285
1986.827335	0.65131	0.405737
1993.393893	0.638372	0.41978
2000	0.625587	0.434417
