250	1.562	7.71E-04
260	1.555	1.89E-03
270	1.549	5.92E-04
280	1.543	1.42E-03
290	1.538	2.16E-03
300	1.533	3.14E-03
310	1.529	3.40E-03
320	1.525	3.03E-03
330	1.522	1.05E-03
340	1.519	4.56E-03
350	1.517	1.87E-03
360	1.514	1.10E-04
370	1.512	4.45E-05
380	1.51	1.65E-05
390	1.508	6.61E-06
400	1.507	2.62E-06
410	1.505	1.65E-06
420	1.504	1.28E-06
430	1.503	1.11E-06
440	1.502	1.02E-06
450	1.501	9.66E-07
460	1.5	9.20E-07
470	1.499	8.80E-07
480	1.498	8.43E-07
490	1.497	8.11E-07
500	1.496	7.79E-07
510	1.496	7.49E-07
520	1.495	7.24E-07
530	1.494	6.98E-07
540	1.494	6.74E-07
550	1.493	6.52E-07
560	1.493	6.29E-07
570	1.492	6.10E-07
580	1.492	5.89E-07
590	1.491	5.71E-07
600	1.491	5.52E-07
610	1.49	5.37E-07
620	1.49	5.19E-07
630	1.49	5.03E-07
640	1.489	4.91E-07
650	1.489	4.79E-07
660	1.489	4.60E-07
670	1.488	4.42E-07
680	1.488	4.31E-07
690	1.488	4.18E-07
700	1.488	4.08E-07
710	1.487	3.98E-07
720	1.487	3.90E-07
730	1.487	3.85E-07
740	1.487	3.88E-07
750	1.487	3.97E-07
760	1.486	3.99E-07
770	1.486	3.78E-07
780	1.486	3.47E-07
790	1.486	3.27E-07
800	1.486	3.18E-07
810	1.486	3.18E-07
820	1.485	3.19E-07
830	1.485	3.21E-07
840	1.485	3.18E-07
850	1.485	3.08E-07
860	1.485	3.00E-07
870	1.485	3.05E-07
880	1.485	3.30E-07
890	1.484	3.91E-07
900	1.484	4.84E-07
910	1.484	6.49E-07
920	1.484	9.10E-07
930	1.484	1.10E-06
940	1.484	9.66E-07
950	1.484	6.10E-07
960	1.484	3.51E-07
970	1.484	2.98E-07
980	1.483	2.84E-07
990	1.483	3.06E-07
1000	1.483	3.71E-07
1010	1.483	4.59E-07
1020	1.483	5.51E-07
1030	1.483	6.48E-07
1040	1.483	7.03E-07
1050	1.483	6.73E-07
1060	1.483	5.79E-07
1070	1.483	4.90E-07
1080	1.483	4.19E-07
1090	1.483	3.77E-07
1100	1.483	3.65E-07
1110	1.483	3.93E-07
1120	1.482	4.77E-07
1130	1.482	6.69E-07
1140	1.482	1.12E-06
1150	1.482	1.97E-06
1160	1.482	3.22E-06
1170	1.482	4.66E-06
1180	1.482	6.33E-06
1190	1.482	8.87E-06
1200	1.482	1.24E-05
1210	1.482	1.51E-05
1220	1.482	1.27E-05
1230	1.482	8.18E-06
1240	1.482	4.87E-06
1250	1.482	3.18E-06
1260	1.482	2.27E-06
1270	1.482	1.78E-06
1280	1.482	1.51E-06
1290	1.482	1.33E-06
1300	1.482	1.20E-06
1310	1.482	1.08E-06
1320	1.482	9.99E-07
1330	1.482	1.04E-06
1340	1.481	1.30E-06
1350	1.481	1.75E-06
1360	1.481	2.63E-06
1370	1.481	4.36E-06
1380	1.481	7.13E-06
1390	1.481	9.89E-06
1400	1.481	1.10E-05
1410	1.481	1.14E-05
1420	1.481	1.16E-05
1430	1.481	1.10E-05
1440	1.481	9.69E-06
1450	1.481	8.24E-06
1460	1.481	6.84E-06
1470	1.481	5.56E-06
1480	1.481	4.49E-06
1490	1.481	3.74E-06
1500	1.481	3.27E-06
1510	1.481	3.06E-06
1520	1.481	3.06E-06
1530	1.481	3.15E-06
1540	1.481	3.10E-06
1550	1.481	2.74E-06
1560	1.481	2.39E-06
1570	1.481	2.17E-06
1580	1.481	2.08E-06
1590	1.481	2.10E-06
1600	1.481	2.23E-06
1610	1.481	2.47E-06
1620	1.481	2.90E-06
1630	1.481	3.65E-06
1640	1.481	4.77E-06
1650	1.481	6.55E-06
1660	1.481	9.31E-06
1670	1.481	1.33E-05
1680	1.481	1.82E-05
1690	1.481	2.39E-05
1700	1.481	3.34E-05
1710	1.481	5.16E-05
1720	1.481	8.70E-05
1730	1.481	9.88E-05
1740	1.481	8.06E-05
1750	1.481	7.82E-05
1760	1.481	7.96E-05
1770	1.481	6.85E-05
1780	1.481	5.82E-05
1790	1.481	5.42E-05
1800	1.48	5.34E-05
1810	1.48	5.29E-05
1820	1.48	5.07E-05
1830	1.48	4.74E-05
1840	1.48	4.33E-05
1850	1.48	3.92E-05
1860	1.48	3.58E-05
1870	1.48	3.33E-05
1880	1.48	3.22E-05
1890	1.48	3.27E-05
1900	1.48	3.32E-05
1910	1.48	3.33E-05
1920	1.48	3.33E-05
1930	1.48	3.38E-05
1940	1.48	3.45E-05
1950	1.48	3.37E-05
1960	1.48	3.27E-05
1970	1.48	3.23E-05
1980	1.48	3.23E-05
1990	1.48	3.30E-05
2000	1.48	3.44E-05
2010	1.48	3.49E-05
2020	1.48	3.37E-05
2030	1.48	3.27E-05
2040	1.48	3.28E-05
2050	1.48	3.28E-05
2060	1.48	3.28E-05
2070	1.48	3.22E-05
2080	1.48	3.22E-05
2090	1.48	3.37E-05
2100	1.48	3.53E-05
2110	1.48	3.71E-05
2120	1.48	3.97E-05
2130	1.48	4.48E-05
2140	1.48	4.82E-05
2150	1.48	4.32E-05
2160	1.48	3.92E-05
2170	1.48	3.80E-05
2180	1.48	3.86E-05
2190	1.48	3.95E-05
2200	1.48	4.21E-05
2210	1.48	4.76E-05
2220	1.48	5.55E-05
2230	1.48	6.91E-05
2240	1.48	8.89E-05
2250	1.48	1.57E-04
2260	1.48	2.11E-04
2270	1.48	2.70E-04
2280	1.48	3.59E-04
2290	1.48	5.18E-04
2300	1.48	7.34E-04
2310	1.48	8.12E-04
2320	1.48	6.54E-04
2330	1.48	5.95E-04
2340	1.48	6.69E-04
2350	1.48	7.58E-04
2360	1.48	7.35E-04
2370	1.48	7.06E-04
2380	1.48	7.47E-04
2390	1.48	7.56E-04
2400	1.48	7.50E-04
2410	1.48	7.14E-04
2420	1.48	6.84E-04
2430	1.48	6.63E-04
2440	1.48	6.21E-04
2450	1.48	5.78E-04
2460	1.48	5.33E-04
2470	1.48	5.03E-04
2480	1.48	4.65E-04
2490	1.48	4.45E-04
2500	1.48	4.19E-04
