250	1.557	9.86E-06
260	1.551	9.70E-06
270	1.545	8.20E-06
280	1.54	6.64E-06
290	1.536	5.31E-06
300	1.532	3.89E-06
310	1.528	3.11E-06
320	1.525	2.64E-06
330	1.522	2.28E-06
340	1.519	1.95E-06
350	1.517	1.56E-06
360	1.515	1.27E-06
370	1.513	1.07E-06
380	1.511	9.48E-07
390	1.51	8.57E-07
400	1.508	7.84E-07
410	1.507	7.37E-07
420	1.506	6.96E-07
430	1.505	6.62E-07
440	1.504	6.33E-07
450	1.503	6.04E-07
460	1.502	5.78E-07
470	1.501	5.55E-07
480	1.5	5.32E-07
490	1.499	5.10E-07
500	1.499	4.90E-07
510	1.498	4.70E-07
520	1.497	4.52E-07
530	1.497	4.33E-07
540	1.496	4.17E-07
550	1.496	4.02E-07
560	1.495	3.87E-07
570	1.495	3.74E-07
580	1.494	3.58E-07
590	1.494	3.47E-07
600	1.493	3.34E-07
610	1.493	3.23E-07
620	1.493	3.12E-07
630	1.492	3.03E-07
640	1.492	2.96E-07
650	1.492	2.88E-07
660	1.491	2.74E-07
670	1.491	2.64E-07
680	1.491	2.56E-07
690	1.491	2.49E-07
700	1.49	2.43E-07
710	1.49	2.36E-07
720	1.49	2.32E-07
730	1.49	2.32E-07
740	1.49	2.38E-07
750	1.489	2.53E-07
760	1.489	2.59E-07
770	1.489	2.40E-07
780	1.489	2.10E-07
790	1.489	1.94E-07
800	1.488	1.89E-07
810	1.488	1.91E-07
820	1.488	1.97E-07
830	1.488	2.01E-07
840	1.488	1.98E-07
850	1.488	1.91E-07
860	1.488	1.88E-07
870	1.487	1.91E-07
880	1.487	2.19E-07
890	1.487	2.89E-07
900	1.487	3.86E-07
910	1.487	5.64E-07
920	1.487	8.43E-07
930	1.487	1.05E-06
940	1.487	9.30E-07
950	1.487	5.35E-07
960	1.487	2.72E-07
970	1.486	2.16E-07
980	1.486	2.05E-07
990	1.486	2.35E-07
1000	1.486	3.00E-07
1010	1.486	3.98E-07
1020	1.486	4.99E-07
1030	1.486	6.01E-07
1040	1.486	6.68E-07
1050	1.486	6.33E-07
1060	1.486	5.33E-07
1070	1.486	4.40E-07
1080	1.486	3.69E-07
1090	1.486	3.26E-07
1100	1.486	3.11E-07
1110	1.485	3.41E-07
1120	1.485	4.28E-07
1130	1.485	6.35E-07
1140	1.485	1.08E-06
1150	1.485	1.99E-06
1160	1.485	3.31E-06
1170	1.485	4.83E-06
1180	1.485	6.59E-06
1190	1.485	9.23E-06
1200	1.485	1.30E-05
1210	1.485	1.59E-05
1220	1.485	1.34E-05
1230	1.485	8.47E-06
1240	1.485	5.03E-06
1250	1.485	3.26E-06
1260	1.485	2.32E-06
1270	1.485	1.82E-06
1280	1.485	1.53E-06
1290	1.485	1.35E-06
1300	1.485	1.21E-06
1310	1.485	1.08E-06
1320	1.485	1.00E-06
1330	1.484	1.04E-06
1340	1.484	1.26E-06
1350	1.484	1.79E-06
1360	1.484	2.66E-06
1370	1.484	4.44E-06
1380	1.484	7.21E-06
1390	1.484	1.04E-05
1400	1.484	1.16E-05
1410	1.484	1.20E-05
1420	1.484	1.23E-05
1430	1.484	1.15E-05
1440	1.484	1.02E-05
1450	1.484	8.63E-06
1460	1.484	7.16E-06
1470	1.484	5.80E-06
1480	1.484	4.66E-06
1490	1.484	3.89E-06
1500	1.484	3.40E-06
1510	1.484	3.19E-06
1520	1.484	3.18E-06
1530	1.484	3.29E-06
1540	1.484	3.24E-06
1550	1.484	2.86E-06
1560	1.484	2.47E-06
1570	1.484	2.25E-06
1580	1.484	2.15E-06
1590	1.484	2.18E-06
1600	1.484	2.30E-06
1610	1.484	2.56E-06
1620	1.484	3.01E-06
1630	1.484	3.78E-06
1640	1.484	4.94E-06
1650	1.484	6.79E-06
1660	1.484	9.65E-06
1670	1.484	1.39E-05
1680	1.484	1.89E-05
1690	1.484	2.50E-05
1700	1.484	3.46E-05
1710	1.484	5.29E-05
1720	1.484	8.61E-05
1730	1.484	9.80E-05
1740	1.484	8.69E-05
1750	1.484	8.12E-05
1760	1.484	8.20E-05
1770	1.484	7.23E-05
1780	1.484	6.15E-05
1790	1.483	5.72E-05
1800	1.483	5.64E-05
1810	1.483	5.58E-05
1820	1.483	5.32E-05
1830	1.483	5.00E-05
1840	1.483	4.56E-05
1850	1.483	4.13E-05
1860	1.483	3.78E-05
1870	1.483	3.50E-05
1880	1.483	3.37E-05
1890	1.483	3.41E-05
1900	1.483	3.46E-05
1910	1.483	3.46E-05
1920	1.483	3.47E-05
1930	1.483	3.55E-05
1940	1.483	3.62E-05
1950	1.483	3.55E-05
1960	1.483	3.45E-05
1970	1.483	3.39E-05
1980	1.483	3.39E-05
1990	1.483	3.47E-05
2000	1.483	3.61E-05
2010	1.483	3.66E-05
2020	1.483	3.57E-05
2030	1.483	3.46E-05
2040	1.483	3.45E-05
2050	1.483	3.46E-05
2060	1.483	3.43E-05
2070	1.483	3.38E-05
2080	1.483	3.38E-05
2090	1.483	3.53E-05
2100	1.483	3.74E-05
2110	1.483	3.90E-05
2120	1.483	4.15E-05
2130	1.483	4.72E-05
2140	1.483	5.10E-05
2150	1.483	4.54E-05
2160	1.483	4.10E-05
2170	1.483	4.01E-05
2180	1.483	4.02E-05
2190	1.483	4.13E-05
2200	1.483	4.40E-05
2210	1.483	4.99E-05
2220	1.483	5.81E-05
2230	1.483	7.19E-05
2240	1.483	9.01E-05
2250	1.483	1.57E-04
2260	1.483	2.11E-04
2270	1.483	2.70E-04
2280	1.483	3.59E-04
2290	1.483	5.18E-04
2300	1.483	7.34E-04
2310	1.483	8.12E-04
2320	1.483	6.54E-04
2330	1.483	5.95E-04
2340	1.483	6.69E-04
2350	1.483	7.58E-04
2360	1.483	7.35E-04
2370	1.483	7.06E-04
2380	1.483	7.47E-04
2390	1.483	7.56E-04
2400	1.483	7.50E-04
2410	1.483	7.14E-04
2420	1.483	6.84E-04
2430	1.483	6.63E-04
2440	1.483	6.21E-04
2450	1.483	5.78E-04
2460	1.483	5.33E-04
2470	1.483	5.03E-04
2480	1.483	4.65E-04
2490	1.483	4.45E-04
2500	1.483	4.19E-04
