280	4.72E-23
281	4.21E-20
282	1.77E-18
283	1.92E-17
284	9.91E-16
285	1.52E-14
286	2.88E-13
287	4.30E-12
288	7.66E-11
289	8.41E-10
290	6.94E-09
291	4.82E-08
292	2.68E-07
293	1.10E-06
294	4.29E-06
295	1.47E-05
296	4.86E-05
297	1.13E-04
298	2.80E-04
299	5.49E-04
300	1.02E-03
301	1.93E-03
302	3.20E-03
303	6.88E-03
304	9.93E-03
305	1.59E-02
306	1.92E-02
307	2.80E-02
308	3.81E-02
309	4.13E-02
310	5.25E-02
311	7.86E-02
312	9.22E-02
313	0.1049
314	0.1188
315	0.13
316	0.1285
317	0.1685
318	0.1793
319	0.197
320	0.2125
321	0.2458
322	0.2243
323	0.2223
324	0.27
325	0.2903
326	0.3723
327	0.396
328	0.3638
329	0.42
330	0.4585
331	0.412
332	0.4313
333	0.425
334	0.4195
335	0.4555
336	0.4153
337	0.3815
338	0.4298
339	0.4628
340	0.493
341	0.4768
342	0.4875
343	0.5043
344	0.4303
345	0.4515
346	0.4813
347	0.4865
348	0.4763
349	0.4718
350	0.5238
351	0.5488
352	0.5123
353	0.5243
354	0.5968
355	0.6048
356	0.5528
357	0.4723
358	0.4293
359	0.4745
360	0.58
361	0.5275
362	0.5393
363	0.5918
364	0.5983
365	0.6318
366	0.721
367	0.7208
368	0.675
369	0.6965
370	0.7325
371	0.6953
372	0.6763
373	0.6078
374	0.5543
375	0.5943
376	0.6645
377	0.7185
378	0.833
379	0.7453
380	0.703
381	0.7398
382	0.5905
383	0.4633
384	0.5168
385	0.6495
386	0.631
387	0.646
388	0.6345
389	0.6885
390	0.7873
391	0.84
392	0.777
393	0.4993
394	0.5125
395	0.7875
396	0.7288
397	0.5068
398	0.832
399	1.06
400	1.114
401	1.159
402	1.19
403	1.168
404	1.174
405	1.15
406	1.121
407	1.109
408	1.154
409	1.198
410	1.088
411	1.164
412	1.225
413	1.195
414	1.186
415	1.22
416	1.251
417	1.226
418	1.184
419	1.201
420	1.151
421	1.249
422	1.248
423	1.215
424	1.215
425	1.24
426	1.21
427	1.176
428	1.168
429	1.074
430	0.8893
431	0.868
432	1.243
433	1.229
434	1.156
435	1.241
436	1.349
437	1.365
438	1.235
439	1.199
440	1.325
441	1.344
442	1.411
443	1.433
444	1.413
445	1.434
446	1.351
447	1.469
448	1.499
449	1.508
450	1.559
451	1.595
452	1.535
453	1.456
454	1.516
455	1.528
456	1.565
457	1.575
458	1.551
459	1.531
460	1.529
461	1.574
462	1.59
463	1.593
464	1.554
465	1.536
466	1.548
467	1.508
468	1.551
469	1.553
470	1.511
471	1.536
472	1.593
473	1.559
474	1.565
475	1.598
476	1.568
477	1.575
478	1.61
479	1.596
480	1.608
481	1.611
482	1.616
483	1.599
484	1.573
485	1.525
486	1.325
487	1.416
488	1.514
489	1.483
490	1.591
491	1.558
492	1.504
493	1.571
494	1.566
495	1.619
496	1.574
497	1.581
498	1.555
499	1.549
500	1.535
501	1.496
502	1.499
503	1.538
504	1.478
505	1.554
506	1.604
507	1.554
508	1.524
509	1.566
510	1.549
511	1.571
512	1.594
513	1.526
514	1.491
515	1.525
516	1.504
517	1.318
518	1.411
519	1.413
520	1.505
521	1.533
522	1.545
523	1.496
524	1.573
525	1.568
526	1.511
527	1.388
528	1.515
529	1.584
530	1.558
531	1.608
532	1.58
533	1.456
534	1.519
535	1.556
536	1.595
537	1.516
538	1.555
539	1.529
540	1.479
541	1.444
542	1.53
543	1.53
544	1.56
545	1.541
546	1.525
547	1.533
548	1.511
549	1.543
550	1.54
551	1.536
552	1.559
553	1.53
554	1.548
555	1.555
556	1.529
557	1.5
558	1.514
559	1.455
560	1.478
561	1.539
562	1.498
563	1.529
564	1.515
565	1.508
566	1.454
567	1.515
568	1.509
569	1.484
570	1.474
571	1.446
572	1.501
573	1.518
574	1.506
575	1.474
576	1.466
577	1.489
578	1.459
579	1.471
580	1.496
581	1.504
582	1.528
583	1.539
584	1.539
585	1.526
586	1.499
587	1.513
588	1.469
589	1.325
590	1.371
591	1.445
592	1.436
593	1.446
594	1.44
595	1.436
596	1.465
597	1.469
598	1.461
599	1.461
600	1.466
601	1.45
602	1.436
603	1.46
604	1.486
605	1.489
606	1.483
607	1.488
608	1.48
609	1.47
610	1.461
611	1.463
612	1.475
613	1.456
614	1.424
615	1.458
616	1.433
617	1.419
618	1.455
619	1.469
620	1.471
621	1.471
622	1.426
623	1.411
624	1.409
625	1.401
626	1.405
627	1.425
628	1.376
629	1.401
630	1.395
631	1.401
632	1.378
633	1.435
634	1.426
635	1.434
636	1.42
637	1.455
638	1.468
639	1.458
640	1.434
641	1.43
642	1.433
643	1.446
644	1.443
645	1.444
646	1.414
647	1.4
648	1.386
649	1.356
650	1.369
651	1.423
652	1.394
653	1.421
654	1.405
655	1.336
656	1.209
657	1.25
658	1.364
659	1.39
660	1.398
661	1.39
662	1.381
663	1.381
664	1.393
665	1.416
666	1.419
667	1.411
668	1.414
669	1.434
670	1.421
671	1.409
672	1.395
673	1.406
674	1.4
675	1.394
676	1.406
677	1.401
678	1.399
679	1.391
680	1.39
681	1.39
682	1.389
683	1.38
684	1.371
685	1.366
686	1.297
687	1.031
688	1.101
689	1.128
690	1.179
691	1.229
692	1.264
693	1.259
694	1.246
695	1.265
696	1.271
697	1.328
698	1.319
699	1.293
700	1.279
701	1.263
702	1.261
703	1.273
704	1.299
705	1.316
706	1.311
707	1.309
708	1.303
709	1.309
710	1.31
711	1.309
712	1.3
713	1.293
714	1.294
715	1.266
716	1.248
717	1.113
718	1.025
719	0.9424
720	0.9874
721	1.088
722	1.208
723	1.141
724	1.06
725	1.046
726	1.075
727	1.075
728	1.045
729	1.051
730	1.111
731	1.088
732	1.145
733	1.19
734	1.223
735	1.211
736	1.201
737	1.203
738	1.214
739	1.198
740	1.215
741	1.211
742	1.214
743	1.238
744	1.249
745	1.249
746	1.241
747	1.24
748	1.239
749	1.231
750	1.23
751	1.23
752	1.229
753	1.224
754	1.236
755	1.23
756	1.221
757	1.221
758	1.224
759	1.079
760	0.3668
761	0.2344
762	0.581
763	0.4364
764	0.5355
765	0.6816
766	0.8159
767	0.9685
768	1.094
769	1.124
770	1.156
771	1.169
772	1.17
773	1.17
774	1.17
775	1.171
776	1.178
777	1.171
778	1.17
779	1.169
780	1.161
781	1.16
782	1.16
783	1.159
784	1.153
785	1.159
786	1.158
787	1.141
788	1.13
789	1.118
790	1.095
791	1.098
792	1.09
793	1.083
794	1.089
795	1.088
796	1.075
797	1.09
798	1.105
799	1.09
800	1.074
801	1.079
802	1.078
803	1.065
804	1.074
805	1.059
806	1.084
807	1.081
808	1.076
809	1.054
810	1.05
811	1.046
812	1.023
813	0.9976
814	0.9136
815	0.8861
816	0.8403
817	0.843
818	0.834
819	0.8871
820	0.8815
821	0.9723
822	0.92
823	0.7384
824	0.9038
825	0.9581
826	0.9419
827	0.9588
828	0.8739
829	0.9153
830	0.9158
831	0.9164
832	0.9034
833	0.9434
834	0.9425
835	0.9876
836	0.9788
837	1.003
838	0.998
839	0.9993
840	1.009
841	1.008
842	0.9968
843	0.9971
844	0.9885
845	1.008
846	1.015
847	0.9929
848	0.9883
849	0.9723
850	0.9126
851	0.9613
852	0.967
853	0.9485
854	0.8708
855	0.9099
856	0.9649
857	0.9866
858	0.989
859	0.9885
860	0.9854
861	0.9851
862	0.9918
863	0.9945
864	0.9768
865	0.9479
866	0.8694
867	0.9101
868	0.9495
869	0.9504
870	0.961
871	0.9544
872	0.9611
873	0.9533
874	0.9383
875	0.929
876	0.9471
877	0.9523
878	0.9484
879	0.9364
880	0.9328
881	0.9129
882	0.9266
883	0.9278
884	0.9311
885	0.9359
886	0.91
887	0.9091
888	0.92
889	0.9291
890	0.9226
891	0.9206
892	0.9038
893	0.8726
894	0.847
895	0.8094
896	0.7544
897	0.6825
898	0.6884
899	0.5923
900	0.6981
901	0.6243
902	0.6601
903	0.7038
904	0.8193
905	0.8131
906	0.7613
907	0.6556
908	0.6549
909	0.6856
910	0.6383
911	0.6633
912	0.6769
913	0.6343
914	0.6316
915	0.657
916	0.6068
917	0.6918
918	0.6264
919	0.7194
920	0.7459
921	0.7635
922	0.7136
923	0.7344
924	0.7208
925	0.7093
926	0.7125
927	0.7499
928	0.6079
929	0.5399
930	0.443
931	0.3974
932	0.307
933	0.2414
934	0.1695
935	0.2255
936	0.1724
937	0.1674
938	0.2201
939	0.3823
940	0.4486
941	0.3875
942	0.3841
943	0.2946
944	0.2944
945	0.3351
946	0.2376
947	0.3359
948	0.3126
949	0.4223
950	0.2321
951	0.4134
952	0.3041
953	0.3436
954	0.4026
955	0.3488
956	0.3215
957	0.3009
958	0.4254
959	0.3896
960	0.4184
961	0.4525
962	0.4513
963	0.4903
964	0.4685
965	0.4963
966	0.5011
967	0.5196
968	0.6356
969	0.6734
970	0.6493
971	0.6989
972	0.6791
973	0.6113
974	0.5796
975	0.584
976	0.5806
977	0.6256
978	0.6189
979	0.629
980	0.6206
981	0.6949
982	0.6898
983	0.6784
984	0.7204
985	0.7
986	0.7396
987	0.738
988	0.7353
989	0.7431
990	0.7348
991	0.7481
992	0.7475
993	0.7389
994	0.7496
995	0.7499
996	0.7463
997	0.739
998	0.737
999	0.7358
1000	0.7345
1001	0.7389
1002	0.7288
1003	0.7299
1004	0.7173
1005	0.689
1006	0.7089
1007	0.7233
1008	0.7241
1009	0.7188
1010	0.7176
1011	0.72
1012	0.7174
1013	0.7165
1014	0.717
1015	0.708
1016	0.7076
1017	0.7034
1018	0.7075
1019	0.6914
1020	0.6961
1021	0.6981
1022	0.6901
1023	0.6919
1024	0.6904
1025	0.6949
1026	0.6939
1027	0.6915
1028	0.6909
1029	0.6856
1030	0.6879
1031	0.6856
1032	0.6844
1033	0.676
1034	0.6778
1035	0.6798
1036	0.6791
1037	0.6735
1038	0.6709
1039	0.673
1040	0.6705
1041	0.67
1042	0.6691
1043	0.6643
1044	0.6653
1045	0.6611
1046	0.6485
1047	0.6545
1048	0.6598
1049	0.657
1050	0.6535
1051	0.6525
1052	0.6493
1053	0.647
1054	0.6455
1055	0.6465
1056	0.645
1057	0.6424
1058	0.6345
1059	0.6215
1060	0.63
1061	0.6224
1062	0.6283
1063	0.6234
1064	0.6285
1065	0.6259
1066	0.617
1067	0.6184
1068	0.614
1069	0.5914
1070	0.6023
1071	0.6134
1072	0.6126
1073	0.6058
1074	0.6141
1075	0.5974
1076	0.609
1077	0.6041
1078	0.6023
1079	0.602
1080	0.5948
1081	0.5823
1082	0.5879
1083	0.5926
1084	0.5813
1085	0.5853
1086	0.5594
1087	0.5668
1088	0.5861
1089	0.5766
1090	0.5611
1091	0.582
1092	0.572
1093	0.5215
1094	0.532
1095	0.5193
1096	0.5135
1097	0.5583
1098	0.5119
1099	0.5028
1100	0.4883
1101	0.491
1102	0.4711
1103	0.4655
1104	0.4708
1105	0.4866
1106	0.4211
1107	0.4629
1108	0.4223
1109	0.4205
1110	0.4514
1111	0.3595
1112	0.3839
1113	0.2899
1114	0.2889
1115	0.2493
1116	0.1918
1117	0.1118
1118	0.1868
1119	0.1296
1120	0.1438
1121	0.1667
1122	0.1002
1123	0.1197
1124	0.115
1125	0.1279
1126	7.62E-02
1127	0.1365
1128	0.1071
1129	0.1007
1130	0.1029
1131	0.2592
1132	0.2308
1133	0.1491
1134	5.23E-02
1135	3.28E-02
1136	0.1338
1137	0.2566
1138	0.2254
1139	0.2808
1140	0.2526
1141	0.2046
1142	0.231
1143	0.2754
1144	0.1419
1145	0.1433
1146	0.1434
1147	9.76E-02
1148	0.2371
1149	0.2124
1150	0.1434
1151	0.1983
1152	0.2403
1153	0.2264
1154	0.1751
1155	0.2868
1156	0.2883
1157	0.3094
1158	0.3145
1159	0.3266
1160	0.2999
1161	0.3396
1162	0.3635
1163	0.444
1164	0.4076
1165	0.3879
1166	0.3801
1167	0.4058
1168	0.4174
1169	0.4259
1170	0.4514
1171	0.4491
1172	0.4533
1173	0.44
1174	0.3653
1175	0.4396
1176	0.4715
1177	0.4575
1178	0.3884
1179	0.4613
1180	0.4463
1181	0.4356
1182	0.3529
1183	0.4204
1184	0.4196
1185	0.4164
1186	0.4645
1187	0.4418
1188	0.3591
1189	0.4106
1190	0.4533
1191	0.4504
1192	0.4663
1193	0.4573
1194	0.4634
1195	0.4468
1196	0.4378
1197	0.4649
1198	0.4298
1199	0.383
1200	0.4353
1201	0.4374
1202	0.4356
1203	0.4244
1204	0.3794
1205	0.4321
1206	0.4681
1207	0.4358
1208	0.4293
1209	0.4203
1210	0.4433
1211	0.4253
1212	0.4291
1213	0.4581
1214	0.4366
1215	0.4325
1216	0.4589
1217	0.4559
1218	0.4559
1219	0.4481
1220	0.4564
1221	0.4614
1222	0.4509
1223	0.4444
1224	0.4483
1225	0.46
1226	0.4619
1227	0.4405
1228	0.461
1229	0.465
1230	0.4614
1231	0.4688
1232	0.4643
1233	0.4565
1234	0.4664
1235	0.4651
1236	0.4668
1237	0.4634
1238	0.4656
1239	0.4615
1240	0.4595
1241	0.4608
1242	0.4604
1243	0.4564
1244	0.4544
1245	0.4553
1246	0.4574
1247	0.4564
1248	0.457
1249	0.4576
1250	0.4556
1251	0.4515
1252	0.4496
1253	0.446
1254	0.4434
1255	0.4469
1256	0.4396
1257	0.4359
1258	0.4405
1259	0.4288
1260	0.427
1261	0.4106
1262	0.3974
1263	0.3949
1264	0.3768
1265	0.3905
1266	0.3858
1267	0.3844
1268	0.3559
1269	0.2789
1270	0.3711
1271	0.4045
1272	0.4075
1273	0.4054
1274	0.4058
1275	0.4109
1276	0.4158
1277	0.4195
1278	0.4248
1279	0.4231
1280	0.4201
1281	0.4081
1282	0.3813
1283	0.4035
1284	0.4186
1285	0.423
1286	0.425
1287	0.4214
1288	0.4179
1289	0.4099
1290	0.4121
1291	0.4136
1292	0.3998
1293	0.408
1294	0.4041
1295	0.4019
1296	0.3878
1297	0.3749
1298	0.3904
1299	0.3981
1300	0.36
